800.00 88.25
799.50 88.15
799.00 88.07
798.50 88.10
798.00 88.14
797.50 88.10
797.00 87.99
796.50 88.00
796.00 88.05
795.50 88.05
795.00 88.03
794.50 87.96
794.00 87.92
793.50 87.92
793.00 87.90
792.50 87.86
792.00 87.83
791.50 87.82
791.00 87.88
790.50 87.92
790.00 87.92
789.50 87.92
789.00 87.85
788.50 87.74
788.00 87.71
787.50 87.66
787.00 87.60
786.50 87.59
786.00 87.60
785.50 87.55
785.00 87.46
784.50 87.51
784.00 87.61
783.50 87.63
783.00 87.54
782.50 87.49
782.00 87.54
781.50 87.55
781.00 87.53
780.50 87.50
780.00 87.46
779.50 87.46
779.00 87.46
778.50 87.36
778.00 87.30
777.50 87.34
777.00 87.30
776.50 87.23
776.00 87.20
775.50 87.22
775.00 87.20
774.50 87.13
774.00 87.16
773.50 87.18
773.00 87.14
772.50 87.12
772.00 87.10
771.50 87.06
771.00 87.04
770.50 87.06
770.00 87.10
769.50 87.12
769.00 87.12
768.50 87.14
768.00 87.08
767.50 86.98
767.00 86.94
766.50 86.91
766.00 86.84
765.50 86.80
765.00 86.82
764.50 86.84
764.00 86.86
763.50 86.87
763.00 86.85
762.50 86.77
762.00 86.74
761.50 86.74
761.00 86.73
760.50 86.74
760.00 86.69
759.50 86.65
759.00 86.70
758.50 86.67
758.00 86.64
757.50 86.59
757.00 86.58
756.50 86.59
756.00 86.59
755.50 86.62
755.00 86.62
754.50 86.59
754.00 86.56
753.50 86.54
753.00 86.50
752.50 86.44
752.00 86.36
751.50 86.35
751.00 86.35
750.50 86.32
750.00 86.36
749.50 86.34
749.00 86.30
748.50 86.29
748.00 86.27
747.50 86.25
747.00 86.25
746.50 86.20
746.00 86.15
745.50 86.11
745.00 86.11
744.50 86.10
744.00 86.08
743.50 86.07
743.00 85.99
742.50 85.94
742.00 85.93
741.50 85.87
741.00 85.82
740.50 85.84
740.00 85.90
739.50 85.91
739.00 85.92
738.50 85.91
738.00 85.87
737.50 85.83
737.00 85.75
736.50 85.68
736.00 85.67
735.50 85.66
735.00 85.62
734.50 85.62
734.00 85.64
733.50 85.57
733.00 85.55
732.50 85.60
732.00 85.58
731.50 85.54
731.00 85.51
730.50 85.52
730.00 85.51
729.50 85.49
729.00 85.46
728.50 85.37
728.00 85.32
727.50 85.29
727.00 85.30
726.50 85.32
726.00 85.32
725.50 85.32
725.00 85.28
724.50 85.22
724.00 85.21
723.50 85.18
723.00 85.18
722.50 85.19
722.00 85.12
721.50 85.05
721.00 85.00
720.50 84.99
720.00 85.02
719.50 85.03
719.00 85.03
718.50 85.03
718.00 85.00
717.50 84.92
717.00 84.85
716.50 84.82
716.00 84.76
715.50 84.75
715.00 84.78
714.50 84.81
714.00 84.78
713.50 84.71
713.00 84.69
712.50 84.70
712.00 84.66
711.50 84.63
711.00 84.60
710.50 84.58
710.00 84.62
709.50 84.59
709.00 84.51
708.50 84.43
708.00 84.41
707.50 84.39
707.00 84.35
706.50 84.37
706.00 84.42
705.50 84.39
705.00 84.36
704.50 84.35
704.00 84.29
703.50 84.31
703.00 84.26
702.50 84.17
702.00 84.17
701.50 84.14
701.00 84.10
700.50 84.07
700.00 84.03
699.50 84.04
699.00 84.02
698.50 83.95
698.00 83.92
697.50 83.90
697.00 83.89
696.50 83.89
696.00 83.86
695.50 83.78
695.00 83.76
694.50 83.76
694.00 83.71
693.50 83.62
693.00 83.58
692.50 83.58
692.00 83.57
691.50 83.51
691.00 83.47
690.50 83.48
690.00 83.46
689.50 83.46
689.00 83.47
688.50 83.44
688.00 83.38
687.50 83.33
687.00 83.23
686.50 83.21
686.00 83.20
685.50 83.15
685.00 83.18
684.50 83.19
684.00 83.15
683.50 83.10
683.00 83.05
682.50 83.00
682.00 82.96
681.50 82.93
681.00 82.88
680.50 82.82
680.00 82.80
679.50 82.80
679.00 82.79
678.50 82.77
678.00 82.74
677.50 82.63
677.00 82.59
676.50 82.61
676.00 82.53
675.50 82.47
675.00 82.48
674.50 82.45
674.00 82.42
673.50 82.42
673.00 82.36
672.50 82.36
672.00 82.39
671.50 82.35
671.00 82.26
670.50 82.22
670.00 82.22
669.50 82.20
669.00 82.14
668.50 82.14
668.00 82.14
667.50 82.08
667.00 82.02
666.50 82.00
666.00 82.00
665.50 81.97
665.00 81.90
664.50 81.84
664.00 81.80
663.50 81.79
663.00 81.77
662.50 81.72
662.00 81.69
661.50 81.65
661.00 81.58
660.50 81.54
660.00 81.51
659.50 81.52
659.00 81.51
658.50 81.42
658.00 81.36
657.50 81.32
657.00 81.27
656.50 81.26
656.00 81.28
655.50 81.22
655.00 81.17
654.50 81.16
654.00 81.12
653.50 81.05
653.00 81.06
652.50 81.02
652.00 80.93
651.50 80.85
651.00 80.80
650.50 80.81
650.00 80.82
649.50 80.78
649.00 80.68
648.50 80.64
648.00 80.63
647.50 80.59
647.00 80.54
646.50 80.48
646.00 80.41
645.50 80.37
645.00 80.36
644.50 80.33
644.00 80.27
643.50 80.22
643.00 80.18
642.50 80.15
642.00 80.10
641.50 80.09
641.00 80.07
640.50 80.06
640.00 80.02
639.50 79.94
639.00 79.92
638.50 79.87
638.00 79.84
637.50 79.82
637.00 79.80
636.50 79.75
636.00 79.69
635.50 79.66
635.00 79.60
634.50 79.53
634.00 79.48
633.50 79.45
633.00 79.44
632.50 79.40
632.00 79.38
631.50 79.34
631.00 79.28
630.50 79.23
630.00 79.19
629.50 79.15
629.00 79.08
628.50 79.04
628.00 79.01
627.50 78.95
627.00 78.90
626.50 78.88
626.00 78.80
625.50 78.75
625.00 78.70
624.50 78.63
624.00 78.58
623.50 78.52
623.00 78.48
622.50 78.45
622.00 78.41
621.50 78.40
621.00 78.38
620.50 78.33
620.00 78.30
619.50 78.26
619.00 78.20
618.50 78.17
618.00 78.12
617.50 78.07
617.00 78.02
616.50 77.95
616.00 77.87
615.50 77.81
615.00 77.76
614.50 77.71
614.00 77.71
613.50 77.69
613.00 77.64
612.50 77.57
612.00 77.52
611.50 77.48
611.00 77.39
610.50 77.33
610.00 77.31
609.50 77.25
609.00 77.18
608.50 77.14
608.00 77.14
607.50 77.08
607.00 77.01
606.50 77.00
606.00 76.97
605.50 76.90
605.00 76.86
604.50 76.80
604.00 76.69
603.50 76.65
603.00 76.63
602.50 76.58
602.00 76.52
601.50 76.44
601.00 76.37
600.50 76.33
600.00 76.30
599.50 76.27
599.00 76.22
598.50 76.14
598.00 76.07
597.50 75.98
597.00 75.92
596.50 75.90
596.00 75.85
595.50 75.78
595.00 75.73
594.50 75.68
594.00 75.64
593.50 75.60
593.00 75.52
592.50 75.48
592.00 75.42
591.50 75.38
591.00 75.35
590.50 75.32
590.00 75.27
589.50 75.22
589.00 75.14
588.50 75.04
588.00 75.00
587.50 74.92
587.00 74.87
586.50 74.81
586.00 74.73
585.50 74.69
585.00 74.62
584.50 74.58
584.00 74.55
583.50 74.46
583.00 74.33
582.50 74.25
582.00 74.21
581.50 74.21
581.00 74.20
580.50 74.13
580.00 74.09
579.50 74.03
579.00 73.94
578.50 73.86
578.00 73.76
577.50 73.70
577.00 73.65
576.50 73.57
576.00 73.49
575.50 73.45
575.00 73.41
574.50 73.35
574.00 73.31
573.50 73.22
573.00 73.15
572.50 73.12
572.00 73.06
571.50 72.98
571.00 72.91
570.50 72.86
570.00 72.78
569.50 72.72
569.00 72.67
568.50 72.62
568.00 72.57
567.50 72.46
567.00 72.38
566.50 72.33
566.00 72.29
565.50 72.23
565.00 72.18
564.50 72.12
564.00 72.02
563.50 71.94
563.00 71.86
562.50 71.81
562.00 71.73
561.50 71.62
561.00 71.56
560.50 71.52
560.00 71.48
559.50 71.44
559.00 71.35
558.50 71.25
558.00 71.15
557.50 71.10
557.00 71.07
556.50 70.96
556.00 70.89
555.50 70.87
555.00 70.82
554.50 70.72
554.00 70.63
553.50 70.55
553.00 70.49
552.50 70.42
552.00 70.34
551.50 70.27
551.00 70.16
550.50 70.06
550.00 70.01
549.50 69.94
549.00 69.83
548.50 69.76
548.00 69.72
547.50 69.67
547.00 69.57
546.50 69.49
546.00 69.44
545.50 69.36
545.00 69.27
544.50 69.17
544.00 69.09
543.50 69.01
543.00 68.95
542.50 68.87
542.00 68.75
541.50 68.67
541.00 68.57
540.50 68.49
540.00 68.46
539.50 68.41
539.00 68.39
538.50 68.31
538.00 68.18
537.50 68.12
537.00 68.01
536.50 67.88
536.00 67.81
535.50 67.76
535.00 67.75
534.50 67.69
534.00 67.57
533.50 67.46
533.00 67.35
532.50 67.31
532.00 67.25
531.50 67.13
531.00 67.04
530.50 66.94
530.00 66.87
529.50 66.76
529.00 66.66
528.50 66.58
528.00 66.51
527.50 66.45
527.00 66.35
526.50 66.27
526.00 66.21
525.50 66.15
525.00 66.04
524.50 65.95
524.00 65.87
523.50 65.78
523.00 65.70
522.50 65.59
522.00 65.51
521.50 65.44
521.00 65.32
520.50 65.23
520.00 65.12
519.50 65.02
519.00 64.93
518.50 64.85
518.00 64.76
517.50 64.64
517.00 64.54
516.50 64.50
516.00 64.38
515.50 64.23
515.00 64.15
514.50 64.10
514.00 63.99
513.50 63.84
513.00 63.72
512.50 63.64
512.00 63.53
511.50 63.41
511.00 63.32
510.50 63.22
510.00 63.13
509.50 63.09
509.00 63.01
508.50 62.87
508.00 62.79
507.50 62.70
507.00 62.61
506.50 62.49
506.00 62.34
505.50 62.27
505.00 62.19
504.50 62.05
504.00 61.94
503.50 61.85
503.00 61.77
502.50 61.67
502.00 61.57
501.50 61.44
501.00 61.34
500.50 61.26
500.00 61.16
499.50 61.02
499.00 60.90
498.50 60.86
498.00 60.75
497.50 60.60
497.00 60.46
496.50 60.36
496.00 60.24
495.50 60.07
495.00 59.96
494.50 59.85
494.00 59.77
493.50 59.75
493.00 59.62
492.50 59.46
492.00 59.34
491.50 59.20
491.00 59.07
490.50 58.98
490.00 58.91
489.50 58.83
489.00 58.73
488.50 58.62
488.00 58.49
487.50 58.35
487.00 58.25
486.50 58.15
486.00 58.05
485.50 57.96
485.00 57.84
484.50 57.71
484.00 57.58
483.50 57.47
483.00 57.39
482.50 57.31
482.00 57.20
481.50 57.07
481.00 56.96
480.50 56.83
480.00 56.71
479.50 56.60
479.00 56.47
478.50 56.32
478.00 56.18
477.50 56.07
477.00 55.96
476.50 55.87
476.00 55.77
475.50 55.66
475.00 55.57
474.50 55.46
474.00 55.28
473.50 55.12
473.00 55.05
472.50 54.93
472.00 54.80
471.50 54.69
471.00 54.59
470.50 54.44
470.00 54.30
469.50 54.20
469.00 54.07
468.50 53.96
468.00 53.81
467.50 53.65
467.00 53.55
466.50 53.43
466.00 53.29
465.50 53.16
465.00 53.04
464.50 52.90
464.00 52.79
463.50 52.69
463.00 52.55
462.50 52.40
462.00 52.24
461.50 52.09
461.00 51.96
460.50 51.84
460.00 51.75
459.50 51.60
459.00 51.48
458.50 51.39
458.00 51.17
457.50 50.99
457.00 50.88
456.50 50.78
456.00 50.65
455.50 50.45
455.00 50.31
454.50 50.15
454.00 50.01
453.50 49.92
453.00 49.78
452.50 49.62
452.00 49.49
451.50 49.38
451.00 49.23
450.50 49.07
450.00 48.92
449.50 48.75
449.00 48.57
448.50 48.40
448.00 48.25
447.50 48.17
447.00 48.07
446.50 47.90
446.00 47.76
445.50 47.61
445.00 47.43
444.50 47.35
444.00 47.20
443.50 46.99
443.00 46.83
442.50 46.67
442.00 46.55
441.50 46.42
441.00 46.22
440.50 46.04
440.00 45.91
439.50 45.76
439.00 45.60
438.50 45.44
438.00 45.30
437.50 45.13
437.00 44.96
436.50 44.82
436.00 44.67
435.50 44.52
435.00 44.37
434.50 44.20
434.00 44.08
433.50 43.94
433.00 43.75
432.50 43.63
432.00 43.49
431.50 43.33
431.00 43.21
430.50 43.07
430.00 42.93
429.50 42.78
429.00 42.60
428.50 42.44
428.00 42.31
427.50 42.14
427.00 41.95
426.50 41.79
426.00 41.61
425.50 41.45
425.00 41.31
424.50 41.15
424.00 40.95
423.50 40.77
423.00 40.60
422.50 40.38
422.00 40.23
421.50 40.14
421.00 40.00
420.50 39.83
420.00 39.64
419.50 39.44
419.00 39.26
418.50 39.15
418.00 39.01
417.50 38.84
417.00 38.68
416.50 38.48
416.00 38.29
415.50 38.13
415.00 38.03
414.50 37.90
414.00 37.70
413.50 37.47
413.00 37.30
412.50 37.16
412.00 36.98
411.50 36.79
411.00 36.62
410.50 36.44
410.00 36.30
409.50 36.11
409.00 35.88
408.50 35.67
408.00 35.50
407.50 35.39
407.00 35.24
406.50 35.06
406.00 34.86
405.50 34.66
405.00 34.51
404.50 34.28
404.00 34.07
403.50 33.91
403.00 33.70
402.50 33.51
402.00 33.31
401.50 33.10
401.00 32.94
400.50 32.78
400.00 32.60
399.50 32.44
399.00 32.32
398.50 32.15
398.00 31.97
397.50 31.77
397.00 31.61
396.50 31.48
396.00 31.28
395.50 31.16
395.00 31.01
394.50 30.81
394.00 30.63
393.50 30.41
393.00 30.21
392.50 30.04
392.00 29.87
391.50 29.71
391.00 29.58
390.50 29.41
390.00 29.21
389.50 29.01
389.00 28.82
388.50 28.64
388.00 28.44
387.50 28.25
387.00 28.06
386.50 27.88
386.00 27.69
385.50 27.50
385.00 27.31
384.50 27.12
384.00 26.93
383.50 26.73
383.00 26.56
382.50 26.40
382.00 26.19
381.50 26.01
381.00 25.80
380.50 25.61
380.00 25.47
379.50 25.30
379.00 25.14
378.50 24.95
378.00 24.75
377.50 24.56
377.00 24.41
376.50 24.24
376.00 24.03
375.50 23.85
375.00 23.63
374.50 23.41
374.00 23.24
373.50 23.08
373.00 22.94
372.50 22.75
372.00 22.56
371.50 22.40
371.00 22.22
370.50 22.02
370.00 21.83
369.50 21.63
369.00 21.46
368.50 21.27
368.00 21.06
367.50 20.88
367.00 20.70
366.50 20.52
366.00 20.36
365.50 20.20
365.00 20.02
364.50 19.86
364.00 19.65
363.50 19.42
363.00 19.24
362.50 19.04
362.00 18.89
361.50 18.78
361.00 18.57
360.50 18.38
360.00 18.20
359.50 18.10
359.00 17.99
358.50 17.75
358.00 17.59
357.50 17.39
357.00 17.20
356.50 17.10
356.00 16.96
355.50 16.79
355.00 16.63
354.50 16.46
354.00 16.29
353.50 16.09
353.00 15.89
352.50 15.70
352.00 15.51
351.50 15.34
351.00 15.23
350.50 15.12
350.00 14.91
349.50 14.71
349.00 14.52
348.50 14.34
348.00 14.14
347.50 13.99
347.00 13.90
346.50 13.74
346.00 13.53
345.50 13.36
345.00 13.22
344.50 13.04
344.00 12.88
343.50 12.77
343.00 12.64
342.50 12.47
342.00 12.30
341.50 12.16
341.00 12.01
340.50 11.87
340.00 11.73
339.50 11.55
339.00 11.40
338.50 11.24
338.00 11.07
337.50 10.93
337.00 10.79
336.50 10.62
336.00 10.47
335.50 10.33
335.00 10.19
334.50 10.01
334.00 9.872
333.50 9.727
333.00 9.541
332.50 9.387
332.00 9.250
331.50 9.120
331.00 8.971
330.50 8.813
330.00 8.675
329.50 8.549
329.00 8.405
328.50 8.260
328.00 8.107
327.50 7.970
327.00 7.852
326.50 7.745
326.00 7.635
325.50 7.480
325.00 7.355
324.50 7.240
324.00 7.108
323.50 6.973
323.00 6.862
322.50 6.747
322.00 6.635
321.50 6.537
321.00 6.421
320.50 6.297
320.00 6.195
319.50 6.096
319.00 5.980
318.50 5.869
318.00 5.721
317.50 5.617
317.00 5.527
316.50 5.402
316.00 5.322
315.50 5.206
315.00 5.080
314.50 4.991
314.00 4.886
313.50 4.793
313.00 4.697
312.50 4.594
312.00 4.483
311.50 4.358
311.00 4.265
310.50 4.176
310.00 4.065
309.50 3.983
309.00 3.917
308.50 3.831
308.00 3.728
307.50 3.629
307.00 3.563
306.50 3.482
306.00 3.378
305.50 3.291
305.00 3.204
304.50 3.125
304.00 3.056
303.50 2.989
303.00 2.927
302.50 2.853
302.00 2.765
301.50 2.698
301.00 2.635
300.50 2.550
300.00 2.487
299.50 2.422
299.00 2.348
298.50 2.280
298.00 2.208
297.50 2.155
297.00 2.090
296.50 2.020
296.00 1.964
295.50 1.906
295.00 1.846
294.50 1.793
294.00 1.738
293.50 1.686
293.00 1.634
292.50 1.584
292.00 1.538
291.50 1.491
291.00 1.431
290.50 1.375
290.00 1.338
289.50 1.297
289.00 1.256
288.50 1.215
288.00 1.170
287.50 1.129
287.00 1.089
286.50 1.054
286.00 1.027
285.50 0.9933
285.00 0.9460
284.50 0.9140
284.00 0.8926
283.50 0.8606
283.00 0.8286
282.50 0.8011
282.00 0.7721
281.50 0.7462
281.00 0.7187
280.50 0.6912
280.00 0.6714
279.50 0.6454
279.00 0.6149
278.50 0.5829
278.00 0.5554
277.50 0.5447
277.00 0.5234
276.50 0.4990
276.00 0.4791
275.50 0.4532
275.00 0.4364
274.50 0.4196
274.00 0.4013
273.50 0.3830
273.00 0.3601
272.50 0.3464
272.00 0.3357
271.50 0.3174
271.00 0.3036
270.50 0.2899
270.00 0.2777
269.50 0.2670
269.00 0.2502
268.50 0.2365
268.00 0.2289
267.50 0.2151
267.00 0.2014
266.50 0.1907
266.00 0.1846
265.50 0.1770
265.00 0.1648
264.50 0.1526
264.00 0.1450
263.50 0.1373
263.00 0.1312
262.50 0.1251
262.00 0.1160
261.50 0.1099
261.00 0.1007
260.50 0.0946
260.00 0.0931
259.50 0.0870
259.00 0.0793
258.50 0.0717
258.00 0.0687
257.50 0.0626
257.00 0.0549
256.50 0.0519
256.00 0.0504
255.50 0.0473
255.00 0.0427
254.50 0.0412
254.00 0.0397
253.50 0.0366
253.00 0.0336
252.50 0.0290
252.00 0.0275
251.50 0.0259
251.00 0.0259
250.50 0.0244
250.00 0.0214
249.50 0.0168
249.00 0.0168
248.50 0.0168
248.00 0.0153
247.50 0.0137
247.00 0.0092
246.50 0.0092
246.00 0.0092
245.50 0.0076
245.00 0.0092
244.50 0.0092
244.00 0.0076
243.50 0.0061
243.00 0.0061
242.50 0.0046
242.00 0.0046
241.50 0.0046
241.00 0.0031
240.50 0.0031
240.00 0.0015
239.50 0.0046
239.00 0.0031
238.50 0.0015
238.00 0.0000
237.50 0.0000
237.00 0.0000
236.50 0.0015
236.00 0.0015
235.50 0.0015
235.00 0.0000
234.50 0.0000
234.00 0.0000
233.50 -0.0015
233.00 -0.0015
232.50 -0.0015
232.00 -0.0015
231.50 -0.0015
231.00 -0.0015
230.50 -0.0031
230.00 -0.0031
229.50 -0.0031
229.00 -0.0046
228.50 -0.0046
228.00 -0.0061
227.50 -0.0076
227.00 -0.0046
226.50 -0.0031
226.00 -0.0031
225.50 -0.0046
225.00 -0.0061
224.50 -0.0061
224.00 -0.0046
223.50 -0.0046
223.00 -0.0076
222.50 -0.0076
222.00 -0.0076
221.50 -0.0076
221.00 -0.0076
220.50 -0.0076
220.00 -0.0076
219.50 -0.0076
219.00 -0.0076
218.50 -0.0061
218.00 -0.0061
217.50 -0.0076
217.00 -0.0092
216.50 -0.0092
216.00 -0.0076
215.50 -0.0046
215.00 -0.0031
214.50 -0.0046
214.00 -0.0061
213.50 -0.0076
213.00 -0.0107
212.50 -0.0122
212.00 -0.0046
211.50 -0.0076
211.00 -0.0122
210.50 -0.0107
210.00 -0.0168
209.50 -0.0229
209.00 -0.0229
208.50 -0.0198
208.00 -0.0153
207.50 -0.0229
207.00 -0.0336
206.50 -0.0381
206.00 -0.0183
205.50 -0.0061
205.00 -0.0061
204.50 -0.0168
204.00 -0.0488
203.50 -0.0351
203.00 -0.0397
202.50 -0.0702
202.00 -0.0336
201.50 -0.0198
201.00 -0.0549
200.50 -0.0778
200.00 -0.0900
