800.00 72.60
799.50 72.61
799.00 72.66
798.50 72.57
798.00 72.49
797.50 72.50
797.00 72.44
796.50 72.37
796.00 72.38
795.50 72.42
795.00 72.36
794.50 72.29
794.00 72.27
793.50 72.23
793.00 72.12
792.50 71.90
792.00 71.92
791.50 72.09
791.00 72.11
790.50 72.09
790.00 72.08
789.50 72.06
789.00 72.02
788.50 72.01
788.00 71.97
787.50 71.92
787.00 71.87
786.50 71.82
786.00 71.76
785.50 71.73
785.00 71.74
784.50 71.68
784.00 71.63
783.50 71.65
783.00 71.69
782.50 71.68
782.00 71.63
781.50 71.60
781.00 71.58
780.50 71.56
780.00 71.52
779.50 71.47
779.00 71.46
778.50 71.45
778.00 71.38
777.50 71.35
777.00 71.33
776.50 71.24
776.00 71.16
775.50 71.18
775.00 71.22
774.50 71.16
774.00 71.11
773.50 71.14
773.00 71.13
772.50 71.05
772.00 70.98
771.50 70.95
771.00 70.96
770.50 70.96
770.00 70.93
769.50 70.90
769.00 70.88
768.50 70.92
768.00 70.88
767.50 70.79
767.00 70.78
766.50 70.76
766.00 70.71
765.50 70.70
765.00 70.73
764.50 70.71
764.00 70.65
763.50 70.60
763.00 70.58
762.50 70.54
762.00 70.44
761.50 70.40
761.00 70.43
760.50 70.45
760.00 70.43
759.50 70.36
759.00 70.37
758.50 70.36
758.00 70.28
757.50 70.21
757.00 70.15
756.50 70.12
756.00 70.12
755.50 70.11
755.00 70.09
754.50 70.09
754.00 70.11
753.50 70.03
753.00 69.95
752.50 69.92
752.00 69.88
751.50 69.87
751.00 69.81
750.50 69.77
750.00 69.80
749.50 69.78
749.00 69.72
748.50 69.70
748.00 69.71
747.50 69.65
747.00 69.57
746.50 69.56
746.00 69.48
745.50 69.45
745.00 69.44
744.50 69.35
744.00 69.28
743.50 69.29
743.00 69.25
742.50 69.17
742.00 69.17
741.50 69.10
741.00 69.03
740.50 69.00
740.00 69.02
739.50 68.99
739.00 68.94
738.50 68.95
738.00 68.90
737.50 68.84
737.00 68.81
736.50 68.71
736.00 68.67
735.50 68.70
735.00 68.64
734.50 68.57
734.00 68.48
733.50 68.42
733.00 68.41
732.50 68.37
732.00 68.37
731.50 68.38
731.00 68.34
730.50 68.30
730.00 68.28
729.50 68.24
729.00 68.17
728.50 68.12
728.00 68.10
727.50 68.06
727.00 68.03
726.50 68.04
726.00 68.03
725.50 68.00
725.00 67.99
724.50 67.96
724.00 67.92
723.50 67.87
723.00 67.82
722.50 67.82
722.00 67.80
721.50 67.72
721.00 67.67
720.50 67.62
720.00 67.61
719.50 67.61
719.00 67.56
718.50 67.55
718.00 67.54
717.50 67.50
717.00 67.47
716.50 67.43
716.00 67.35
715.50 67.31
715.00 67.27
714.50 67.24
714.00 67.22
713.50 67.17
713.00 67.16
712.50 67.17
712.00 67.13
711.50 67.06
711.00 67.05
710.50 67.04
710.00 66.98
709.50 66.96
709.00 66.91
708.50 66.86
708.00 66.79
707.50 66.71
707.00 66.69
706.50 66.71
706.00 66.70
705.50 66.67
705.00 66.65
704.50 66.65
704.00 66.62
703.50 66.56
703.00 66.46
702.50 66.41
702.00 66.42
701.50 66.40
701.00 66.36
700.50 66.29
700.00 66.24
699.50 66.19
699.00 66.12
698.50 66.11
698.00 66.08
697.50 66.01
697.00 65.95
696.50 65.91
696.00 65.91
695.50 65.86
695.00 65.81
694.50 65.79
694.00 65.74
693.50 65.66
693.00 65.58
692.50 65.55
692.00 65.50
691.50 65.46
691.00 65.47
690.50 65.45
690.00 65.39
689.50 65.34
689.00 65.32
688.50 65.27
688.00 65.19
687.50 65.16
687.00 65.13
686.50 65.05
686.00 64.98
685.50 64.91
685.00 64.87
684.50 64.83
684.00 64.78
683.50 64.75
683.00 64.70
682.50 64.66
682.00 64.61
681.50 64.54
681.00 64.48
680.50 64.44
680.00 64.39
679.50 64.36
679.00 64.32
678.50 64.24
678.00 64.18
677.50 64.12
677.00 64.04
676.50 63.98
676.00 63.91
675.50 63.89
675.00 63.88
674.50 63.80
674.00 63.76
673.50 63.75
673.00 63.71
672.50 63.68
672.00 63.62
671.50 63.55
671.00 63.51
670.50 63.50
670.00 63.45
669.50 63.39
669.00 63.36
668.50 63.31
668.00 63.23
667.50 63.17
667.00 63.13
666.50 63.10
666.00 63.06
665.50 62.99
665.00 62.96
664.50 62.88
664.00 62.81
663.50 62.77
663.00 62.71
662.50 62.69
662.00 62.64
661.50 62.56
661.00 62.50
660.50 62.45
660.00 62.40
659.50 62.35
659.00 62.33
658.50 62.26
658.00 62.21
657.50 62.17
657.00 62.10
656.50 62.01
656.00 61.95
655.50 61.91
655.00 61.85
654.50 61.80
654.00 61.74
653.50 61.68
653.00 61.64
652.50 61.61
652.00 61.52
651.50 61.40
651.00 61.36
650.50 61.34
650.00 61.31
649.50 61.25
649.00 61.17
648.50 61.14
648.00 61.07
647.50 61.01
647.00 60.96
646.50 60.89
646.00 60.85
645.50 60.75
645.00 60.68
644.50 60.64
644.00 60.58
643.50 60.50
643.00 60.44
642.50 60.40
642.00 60.37
641.50 60.30
641.00 60.24
640.50 60.24
640.00 60.20
639.50 60.11
639.00 60.01
638.50 59.94
638.00 59.90
637.50 59.87
637.00 59.82
636.50 59.77
636.00 59.71
635.50 59.62
635.00 59.54
634.50 59.45
634.00 59.37
633.50 59.33
633.00 59.30
632.50 59.27
632.00 59.22
631.50 59.14
631.00 59.05
630.50 58.97
630.00 58.91
629.50 58.85
629.00 58.80
628.50 58.78
628.00 58.71
627.50 58.62
627.00 58.57
626.50 58.46
626.00 58.37
625.50 58.31
625.00 58.25
624.50 58.21
624.00 58.14
623.50 58.07
623.00 58.00
622.50 57.94
622.00 57.87
621.50 57.80
621.00 57.75
620.50 57.68
620.00 57.62
619.50 57.57
619.00 57.51
618.50 57.48
618.00 57.44
617.50 57.35
617.00 57.23
616.50 57.13
616.00 57.08
615.50 56.99
615.00 56.91
614.50 56.84
614.00 56.77
613.50 56.70
613.00 56.66
612.50 56.60
612.00 56.53
611.50 56.48
611.00 56.41
610.50 56.32
610.00 56.22
609.50 56.16
609.00 56.10
608.50 56.04
608.00 55.97
607.50 55.90
607.00 55.83
606.50 55.78
606.00 55.71
605.50 55.60
605.00 55.51
604.50 55.47
604.00 55.41
603.50 55.34
603.00 55.25
602.50 55.15
602.00 55.05
601.50 55.00
601.00 54.97
600.50 54.88
600.00 54.82
599.50 54.75
599.00 54.70
598.50 54.65
598.00 54.55
597.50 54.46
597.00 54.35
596.50 54.25
596.00 54.18
595.50 54.12
595.00 54.05
594.50 53.97
594.00 53.90
593.50 53.82
593.00 53.73
592.50 53.65
592.00 53.59
591.50 53.50
591.00 53.42
590.50 53.35
590.00 53.28
589.50 53.22
589.00 53.14
588.50 53.07
588.00 53.00
587.50 52.92
587.00 52.84
586.50 52.73
586.00 52.64
585.50 52.56
585.00 52.48
584.50 52.42
584.00 52.32
583.50 52.24
583.00 52.11
582.50 52.00
582.00 51.95
581.50 51.88
581.00 51.81
580.50 51.74
580.00 51.66
579.50 51.57
579.00 51.47
578.50 51.39
578.00 51.30
577.50 51.23
577.00 51.14
576.50 51.02
576.00 50.96
575.50 50.91
575.00 50.82
574.50 50.71
574.00 50.62
573.50 50.53
573.00 50.46
572.50 50.39
572.00 50.31
571.50 50.23
571.00 50.16
570.50 50.07
570.00 49.98
569.50 49.88
569.00 49.79
568.50 49.73
568.00 49.62
567.50 49.52
567.00 49.43
566.50 49.34
566.00 49.24
565.50 49.14
565.00 49.08
564.50 49.00
564.00 48.90
563.50 48.81
563.00 48.72
562.50 48.66
562.00 48.58
561.50 48.46
561.00 48.34
560.50 48.22
560.00 48.13
559.50 48.06
559.00 47.99
558.50 47.91
558.00 47.82
557.50 47.72
557.00 47.63
556.50 47.51
556.00 47.41
555.50 47.34
555.00 47.25
554.50 47.15
554.00 47.05
553.50 46.97
553.00 46.90
552.50 46.81
552.00 46.68
551.50 46.55
551.00 46.44
550.50 46.40
550.00 46.32
549.50 46.18
549.00 46.06
548.50 45.96
548.00 45.86
547.50 45.76
547.00 45.65
546.50 45.55
546.00 45.46
545.50 45.34
545.00 45.21
544.50 45.11
544.00 45.03
543.50 44.92
543.00 44.85
542.50 44.79
542.00 44.66
541.50 44.53
541.00 44.42
540.50 44.33
540.00 44.23
539.50 44.16
539.00 44.09
538.50 43.98
538.00 43.87
537.50 43.78
537.00 43.68
536.50 43.57
536.00 43.44
535.50 43.36
535.00 43.28
534.50 43.20
534.00 43.10
533.50 42.98
533.00 42.86
532.50 42.75
532.00 42.65
531.50 42.57
531.00 42.47
530.50 42.35
530.00 42.25
529.50 42.14
529.00 42.03
528.50 41.94
528.00 41.82
527.50 41.71
527.00 41.62
526.50 41.53
526.00 41.43
525.50 41.34
525.00 41.23
524.50 41.13
524.00 41.04
523.50 40.93
523.00 40.80
522.50 40.69
522.00 40.59
521.50 40.47
521.00 40.35
520.50 40.26
520.00 40.15
519.50 40.03
519.00 39.92
518.50 39.82
518.00 39.71
517.50 39.59
517.00 39.47
516.50 39.35
516.00 39.23
515.50 39.09
515.00 38.98
514.50 38.88
514.00 38.76
513.50 38.64
513.00 38.50
512.50 38.38
512.00 38.27
511.50 38.13
511.00 38.02
510.50 37.93
510.00 37.83
509.50 37.72
509.00 37.60
508.50 37.46
508.00 37.32
507.50 37.20
507.00 37.08
506.50 36.96
506.00 36.82
505.50 36.73
505.00 36.64
504.50 36.51
504.00 36.39
503.50 36.26
503.00 36.13
502.50 36.04
502.00 35.95
501.50 35.83
501.00 35.70
500.50 35.57
500.00 35.46
499.50 35.36
499.00 35.26
498.50 35.13
498.00 35.01
497.50 34.89
497.00 34.77
496.50 34.64
496.00 34.51
495.50 34.38
495.00 34.27
494.50 34.16
494.00 34.04
493.50 33.94
493.00 33.82
492.50 33.73
492.00 33.60
491.50 33.43
491.00 33.29
490.50 33.18
490.00 33.11
489.50 33.01
489.00 32.87
488.50 32.76
488.00 32.66
487.50 32.54
487.00 32.41
486.50 32.28
486.00 32.14
485.50 32.02
485.00 31.91
484.50 31.79
484.00 31.64
483.50 31.52
483.00 31.38
482.50 31.25
482.00 31.14
481.50 31.02
481.00 30.89
480.50 30.80
480.00 30.66
479.50 30.52
479.00 30.39
478.50 30.27
478.00 30.16
477.50 30.01
477.00 29.89
476.50 29.79
476.00 29.67
475.50 29.55
475.00 29.42
474.50 29.29
474.00 29.16
473.50 29.02
473.00 28.88
472.50 28.77
472.00 28.66
471.50 28.53
471.00 28.40
470.50 28.29
470.00 28.16
469.50 28.03
469.00 27.92
468.50 27.81
468.00 27.67
467.50 27.55
467.00 27.42
466.50 27.30
466.00 27.18
465.50 27.03
465.00 26.89
464.50 26.78
464.00 26.64
463.50 26.48
463.00 26.36
462.50 26.25
462.00 26.11
461.50 25.97
461.00 25.82
460.50 25.69
460.00 25.56
459.50 25.44
459.00 25.31
458.50 25.19
458.00 25.05
457.50 24.90
457.00 24.74
456.50 24.62
456.00 24.50
455.50 24.34
455.00 24.20
454.50 24.08
454.00 23.97
453.50 23.86
453.00 23.72
452.50 23.59
452.00 23.46
451.50 23.33
451.00 23.20
450.50 23.08
450.00 22.97
449.50 22.80
449.00 22.63
448.50 22.52
448.00 22.40
447.50 22.26
447.00 22.14
446.50 22.01
446.00 21.89
445.50 21.77
445.00 21.61
444.50 21.45
444.00 21.33
443.50 21.19
443.00 21.07
442.50 20.97
442.00 20.83
441.50 20.68
441.00 20.54
440.50 20.40
440.00 20.28
439.50 20.15
439.00 20.01
438.50 19.87
438.00 19.75
437.50 19.62
437.00 19.48
436.50 19.35
436.00 19.24
435.50 19.14
435.00 19.01
434.50 18.89
434.00 18.77
433.50 18.62
433.00 18.49
432.50 18.38
432.00 18.27
431.50 18.15
431.00 18.03
430.50 17.92
430.00 17.81
429.50 17.67
429.00 17.54
428.50 17.42
428.00 17.30
427.50 17.16
427.00 17.03
426.50 16.88
426.00 16.75
425.50 16.63
425.00 16.51
424.50 16.39
424.00 16.25
423.50 16.10
423.00 15.96
422.50 15.81
422.00 15.68
421.50 15.56
421.00 15.46
420.50 15.34
420.00 15.22
419.50 15.08
419.00 14.92
418.50 14.79
418.00 14.68
417.50 14.59
417.00 14.47
416.50 14.31
416.00 14.19
415.50 14.09
415.00 13.99
414.50 13.87
414.00 13.74
413.50 13.62
413.00 13.49
412.50 13.35
412.00 13.23
411.50 13.12
411.00 13.00
410.50 12.88
410.00 12.75
409.50 12.63
409.00 12.52
408.50 12.40
408.00 12.27
407.50 12.15
407.00 12.05
406.50 11.94
406.00 11.82
405.50 11.69
405.00 11.56
404.50 11.45
404.00 11.34
403.50 11.23
403.00 11.10
402.50 10.98
402.00 10.86
401.50 10.74
401.00 10.62
400.50 10.51
400.00 10.42
399.50 10.32
399.00 10.22
398.50 10.13
398.00 10.01
397.50 9.900
397.00 9.801
396.50 9.692
396.00 9.576
395.50 9.479
395.00 9.392
394.50 9.290
394.00 9.172
393.50 9.071
393.00 8.977
392.50 8.867
392.00 8.766
391.50 8.672
391.00 8.568
390.50 8.478
390.00 8.392
389.50 8.289
389.00 8.170
388.50 8.064
388.00 7.967
387.50 7.861
387.00 7.758
386.50 7.648
386.00 7.559
385.50 7.474
385.00 7.364
384.50 7.253
384.00 7.155
383.50 7.072
383.00 6.987
382.50 6.903
382.00 6.812
381.50 6.715
381.00 6.618
380.50 6.532
380.00 6.450
379.50 6.357
379.00 6.270
378.50 6.163
378.00 6.075
377.50 5.998
377.00 5.910
376.50 5.821
376.00 5.730
375.50 5.650
375.00 5.557
374.50 5.470
374.00 5.396
373.50 5.309
373.00 5.229
372.50 5.148
372.00 5.078
371.50 4.999
371.00 4.907
370.50 4.845
370.00 4.767
369.50 4.683
369.00 4.616
368.50 4.527
368.00 4.451
367.50 4.391
367.00 4.327
366.50 4.253
366.00 4.172
365.50 4.108
365.00 4.036
364.50 3.951
364.00 3.882
363.50 3.821
363.00 3.748
362.50 3.676
362.00 3.613
361.50 3.558
361.00 3.499
360.50 3.435
360.00 3.355
359.50 3.282
359.00 3.238
358.50 3.189
358.00 3.107
357.50 3.046
357.00 3.017
356.50 2.954
356.00 2.872
355.50 2.829
355.00 2.782
354.50 2.722
354.00 2.667
353.50 2.618
353.00 2.563
352.50 2.486
352.00 2.432
351.50 2.400
351.00 2.357
350.50 2.303
350.00 2.240
349.50 2.177
349.00 2.127
348.50 2.084
348.00 2.043
347.50 1.997
347.00 1.959
346.50 1.909
346.00 1.862
345.50 1.823
345.00 1.785
344.50 1.753
344.00 1.712
343.50 1.653
343.00 1.605
342.50 1.584
342.00 1.555
341.50 1.532
341.00 1.491
340.50 1.440
340.00 1.408
339.50 1.370
339.00 1.332
338.50 1.288
338.00 1.245
337.50 1.219
337.00 1.189
336.50 1.163
336.00 1.135
335.50 1.097
335.00 1.067
334.50 1.041
334.00 1.010
333.50 0.9750
333.00 0.9476
332.50 0.9216
332.00 0.8896
331.50 0.8591
331.00 0.8362
330.50 0.8102
330.00 0.7767
329.50 0.7584
329.00 0.7324
328.50 0.7095
328.00 0.6912
327.50 0.6607
327.00 0.6378
326.50 0.6134
326.00 0.5966
325.50 0.5798
325.00 0.5630
324.50 0.5478
324.00 0.5280
323.50 0.5112
323.00 0.4959
322.50 0.4745
322.00 0.4593
321.50 0.4471
321.00 0.4349
320.50 0.4242
320.00 0.4074
319.50 0.3906
319.00 0.3769
318.50 0.3647
318.00 0.3510
317.50 0.3357
317.00 0.3204
316.50 0.3082
316.00 0.2975
315.50 0.2823
315.00 0.2686
314.50 0.2655
314.00 0.2563
313.50 0.2350
313.00 0.2289
312.50 0.2228
312.00 0.2121
311.50 0.2106
311.00 0.1999
310.50 0.1862
310.00 0.1801
309.50 0.1694
309.00 0.1602
308.50 0.1541
308.00 0.1480
307.50 0.1419
307.00 0.1343
306.50 0.1282
306.00 0.1205
305.50 0.1129
305.00 0.1083
304.50 0.1022
304.00 0.1007
303.50 0.0961
303.00 0.0931
302.50 0.0900
302.00 0.0824
301.50 0.0748
301.00 0.0702
300.50 0.0656
300.00 0.0626
299.50 0.0626
299.00 0.0595
298.50 0.0534
298.00 0.0504
297.50 0.0488
297.00 0.0473
296.50 0.0427
296.00 0.0397
295.50 0.0366
295.00 0.0320
294.50 0.0305
294.00 0.0275
293.50 0.0275
293.00 0.0259
292.50 0.0244
292.00 0.0214
291.50 0.0183
291.00 0.0183
290.50 0.0168
290.00 0.0153
289.50 0.0137
289.00 0.0122
288.50 0.0122
288.00 0.0107
287.50 0.0076
287.00 0.0076
286.50 0.0092
286.00 0.0076
285.50 0.0061
285.00 0.0046
284.50 0.0031
284.00 0.0015
283.50 0.0015
283.00 0.0031
282.50 0.0015
282.00 0.0000
281.50 0.0000
281.00 0.0000
280.50 0.0000
280.00 0.0000
279.50 0.0000
279.00 0.0000
278.50 0.0000
278.00 0.0000
277.50 0.0000
277.00 0.0000
276.50 -0.0015
276.00 -0.0031
275.50 -0.0031
275.00 -0.0015
274.50 -0.0015
274.00 -0.0046
273.50 -0.0046
273.00 -0.0015
272.50 -0.0015
272.00 -0.0031
271.50 -0.0015
271.00 -0.0015
270.50 -0.0031
270.00 -0.0015
269.50 -0.0015
269.00 -0.0031
268.50 -0.0046
268.00 -0.0046
267.50 -0.0031
267.00 -0.0046
266.50 -0.0061
266.00 -0.0046
265.50 -0.0031
265.00 -0.0046
264.50 -0.0046
264.00 -0.0046
263.50 -0.0061
263.00 -0.0046
262.50 -0.0031
262.00 -0.0031
261.50 -0.0046
261.00 -0.0061
260.50 -0.0061
260.00 -0.0046
259.50 -0.0031
259.00 -0.0046
258.50 -0.0046
258.00 -0.0046
257.50 -0.0046
257.00 -0.0046
256.50 -0.0061
256.00 -0.0046
255.50 -0.0031
255.00 -0.0031
254.50 -0.0046
254.00 -0.0061
253.50 -0.0046
253.00 -0.0046
252.50 -0.0046
252.00 -0.0046
251.50 -0.0061
251.00 -0.0061
250.50 -0.0046
250.00 -0.0046
249.50 -0.0061
249.00 -0.0061
248.50 -0.0046
248.00 -0.0046
247.50 -0.0046
247.00 -0.0046
246.50 -0.0046
246.00 -0.0046
245.50 -0.0046
245.00 -0.0046
244.50 -0.0046
244.00 -0.0046
243.50 -0.0061
243.00 -0.0061
242.50 -0.0046
242.00 -0.0061
241.50 -0.0061
241.00 -0.0046
240.50 -0.0076
240.00 -0.0076
239.50 -0.0061
239.00 -0.0061
238.50 -0.0061
238.00 -0.0061
237.50 -0.0061
237.00 -0.0061
236.50 -0.0061
236.00 -0.0061
235.50 -0.0046
235.00 -0.0031
234.50 -0.0031
234.00 -0.0031
233.50 -0.0046
233.00 -0.0076
232.50 -0.0076
232.00 -0.0061
231.50 -0.0046
231.00 -0.0046
230.50 -0.0046
230.00 -0.0046
229.50 -0.0076
229.00 -0.0046
228.50 -0.0061
228.00 -0.0092
227.50 -0.0046
227.00 -0.0046
226.50 -0.0046
226.00 -0.0046
225.50 -0.0061
225.00 -0.0046
224.50 -0.0031
224.00 -0.0046
223.50 -0.0031
223.00 -0.0015
222.50 -0.0061
222.00 -0.0076
221.50 -0.0076
221.00 -0.0061
220.50 -0.0076
220.00 -0.0061
219.50 -0.0061
219.00 -0.0076
218.50 -0.0061
218.00 -0.0046
217.50 -0.0046
217.00 -0.0046
216.50 -0.0061
216.00 -0.0076
215.50 -0.0076
215.00 -0.0092
214.50 -0.0107
214.00 -0.0076
213.50 -0.0061
213.00 -0.0061
212.50 -0.0092
212.00 -0.0092
211.50 -0.0092
211.00 -0.0107
210.50 -0.0137
210.00 -0.0168
209.50 -0.0122
209.00 -0.0046
208.50 -0.0031
208.00 -0.0092
207.50 -0.0183
207.00 -0.0244
206.50 -0.0305
206.00 -0.0198
205.50 -0.0061
205.00 -0.0107
204.50 -0.0061
204.00 -0.0183
203.50 -0.0290
203.00 -0.0305
202.50 -0.0183
202.00 -0.0107
201.50 -0.0122
201.00 -0.0443
200.50 -0.0366
200.00 0.0168
