800.00 99.84
799.50 99.87
799.00 99.92
798.50 99.95
798.00 99.91
797.50 99.87
797.00 99.79
796.50 99.83
796.00 99.92
795.50 99.89
795.00 99.87
794.50 99.82
794.00 99.79
793.50 99.81
793.00 99.81
792.50 99.76
792.00 99.81
791.50 99.92
791.00 99.95
790.50 100.02
790.00 99.95
789.50 99.91
789.00 99.91
788.50 99.89
788.00 99.86
787.50 99.77
787.00 99.77
786.50 99.72
786.00 99.71
785.50 99.79
785.00 99.77
784.50 99.73
784.00 99.81
783.50 99.86
783.00 99.84
782.50 99.91
782.00 99.91
781.50 99.84
781.00 99.85
780.50 99.86
780.00 99.80
779.50 99.79
779.00 99.80
778.50 99.82
778.00 99.86
777.50 99.80
777.00 99.71
776.50 99.75
776.00 99.76
775.50 99.71
775.00 99.73
774.50 99.81
774.00 99.82
773.50 99.83
773.00 99.81
772.50 99.76
772.00 99.74
771.50 99.74
771.00 99.73
770.50 99.74
770.00 99.79
769.50 99.79
769.00 99.83
768.50 99.89
768.00 99.88
767.50 99.87
767.00 99.81
766.50 99.75
766.00 99.78
765.50 99.86
765.00 99.86
764.50 99.85
764.00 99.92
763.50 99.94
763.00 99.88
762.50 99.79
762.00 99.78
761.50 99.77
761.00 99.75
760.50 99.76
760.00 99.83
759.50 99.86
759.00 99.87
758.50 99.89
758.00 99.83
757.50 99.78
757.00 99.81
756.50 99.83
756.00 99.82
755.50 99.89
755.00 99.98
754.50 99.94
754.00 99.84
753.50 99.86
753.00 99.84
752.50 99.75
752.00 99.73
751.50 99.75
751.00 99.77
750.50 99.82
750.00 99.86
749.50 99.84
749.00 99.83
748.50 99.82
748.00 99.80
747.50 99.84
747.00 99.88
746.50 99.91
746.00 99.87
745.50 99.81
745.00 99.85
744.50 99.86
744.00 99.86
743.50 99.82
743.00 99.80
742.50 99.82
742.00 99.82
741.50 99.80
741.00 99.79
740.50 99.80
740.00 99.81
739.50 99.86
739.00 99.86
738.50 99.84
738.00 99.84
737.50 99.83
737.00 99.85
736.50 99.75
736.00 99.71
735.50 99.79
735.00 99.78
734.50 99.76
734.00 99.75
733.50 99.79
733.00 99.78
732.50 99.73
732.00 99.76
731.50 99.84
731.00 99.86
730.50 99.85
730.00 99.91
729.50 99.93
729.00 99.86
728.50 99.79
728.00 99.78
727.50 99.76
727.00 99.75
726.50 99.83
726.00 99.89
725.50 99.89
725.00 99.90
724.50 99.89
724.00 99.86
723.50 99.88
723.00 99.95
722.50 99.89
722.00 99.83
721.50 99.84
721.00 99.82
720.50 99.83
720.00 99.81
719.50 99.87
719.00 99.93
718.50 99.87
718.00 99.86
717.50 99.82
717.00 99.84
716.50 99.88
716.00 99.85
715.50 99.84
715.00 99.77
714.50 99.78
714.00 99.82
713.50 99.84
713.00 99.84
712.50 99.79
712.00 99.81
711.50 99.85
711.00 99.86
710.50 99.85
710.00 99.83
709.50 99.85
709.00 99.85
708.50 99.81
708.00 99.74
707.50 99.77
707.00 99.83
706.50 99.81
706.00 99.88
705.50 99.93
705.00 99.91
704.50 99.91
704.00 99.97
703.50 99.93
703.00 99.85
702.50 99.90
702.00 99.92
701.50 99.83
701.00 99.81
700.50 99.84
700.00 99.83
699.50 99.84
699.00 99.83
698.50 99.87
698.00 99.89
697.50 99.84
697.00 99.82
696.50 99.80
696.00 99.83
695.50 99.88
695.00 99.87
694.50 99.86
694.00 99.89
693.50 99.83
693.00 99.75
692.50 99.74
692.00 99.75
691.50 99.78
691.00 99.78
690.50 99.84
690.00 99.88
689.50 99.90
689.00 99.88
688.50 99.83
688.00 99.85
687.50 99.85
687.00 99.84
686.50 99.81
686.00 99.76
685.50 99.78
685.00 99.84
684.50 99.85
684.00 99.84
683.50 99.86
683.00 99.87
682.50 99.86
682.00 99.82
681.50 99.81
681.00 99.84
680.50 99.81
680.00 99.77
679.50 99.81
679.00 99.85
678.50 99.87
678.00 99.89
677.50 99.90
677.00 99.84
676.50 99.77
676.00 99.77
675.50 99.79
675.00 99.74
674.50 99.75
674.00 99.80
673.50 99.83
673.00 99.80
672.50 99.84
672.00 99.90
671.50 99.84
671.00 99.79
670.50 99.82
670.00 99.87
669.50 99.89
669.00 99.91
668.50 99.87
668.00 99.83
667.50 99.83
667.00 99.84
666.50 99.89
666.00 99.96
665.50 99.92
665.00 99.87
664.50 99.87
664.00 99.87
663.50 99.85
663.00 99.88
662.50 99.92
662.00 99.89
661.50 99.85
661.00 99.80
660.50 99.81
660.00 99.89
659.50 99.91
659.00 99.92
658.50 99.90
658.00 99.85
657.50 99.85
657.00 99.88
656.50 99.86
656.00 99.83
655.50 99.84
655.00 99.83
654.50 99.84
654.00 99.88
653.50 99.87
653.00 99.86
652.50 99.83
652.00 99.80
651.50 99.83
651.00 99.80
650.50 99.84
650.00 99.95
649.50 99.96
649.00 99.93
648.50 99.91
648.00 99.90
647.50 99.91
647.00 99.90
646.50 99.88
646.00 99.93
645.50 99.98
645.00 99.93
644.50 99.87
644.00 99.85
643.50 99.81
643.00 99.80
642.50 99.85
642.00 99.86
641.50 99.86
641.00 99.87
640.50 99.90
640.00 99.93
639.50 99.90
639.00 99.88
638.50 99.88
638.00 99.89
637.50 99.87
637.00 99.91
636.50 99.95
636.00 99.95
635.50 99.93
635.00 99.88
634.50 99.81
634.00 99.77
633.50 99.80
633.00 99.84
632.50 99.91
632.00 99.91
631.50 99.86
631.00 99.84
630.50 99.80
630.00 99.79
629.50 99.83
629.00 99.90
628.50 99.95
628.00 99.95
627.50 99.91
627.00 99.89
626.50 99.90
626.00 99.88
625.50 99.83
625.00 99.82
624.50 99.83
624.00 99.84
623.50 99.85
623.00 99.79
622.50 99.77
622.00 99.83
621.50 99.86
621.00 99.86
620.50 99.90
620.00 99.90
619.50 99.89
619.00 99.91
618.50 99.93
618.00 99.95
617.50 99.93
617.00 99.93
616.50 99.95
616.00 99.92
615.50 99.88
615.00 99.86
614.50 99.87
614.00 99.90
613.50 99.96
613.00 100.00
612.50 99.96
612.00 99.89
611.50 99.90
611.00 99.91
610.50 99.90
610.00 99.86
609.50 99.81
609.00 99.86
608.50 99.87
608.00 99.85
607.50 99.90
607.00 99.95
606.50 99.93
606.00 99.89
605.50 99.89
605.00 99.95
604.50 99.93
604.00 99.90
603.50 99.88
603.00 99.86
602.50 99.85
602.00 99.84
601.50 99.86
601.00 99.88
600.50 99.89
600.00 99.86
599.50 99.91
599.00 99.99
598.50 100.01
598.00 99.96
597.50 99.91
597.00 99.91
596.50 99.88
596.00 99.87
595.50 99.89
595.00 99.91
594.50 99.88
594.00 99.84
593.50 99.87
593.00 99.87
592.50 99.81
592.00 99.81
591.50 99.88
591.00 99.92
590.50 99.90
590.00 99.87
589.50 99.88
589.00 99.90
588.50 99.93
588.00 99.92
587.50 99.88
587.00 99.89
586.50 99.87
586.00 99.84
585.50 99.89
585.00 99.94
584.50 99.95
584.00 99.90
583.50 99.90
583.00 99.87
582.50 99.85
582.00 99.90
581.50 99.92
581.00 99.95
580.50 99.96
580.00 99.97
579.50 99.99
579.00 99.96
578.50 99.93
578.00 99.93
577.50 99.93
577.00 99.95
576.50 99.92
576.00 99.89
575.50 99.90
575.00 99.90
574.50 99.91
574.00 99.92
573.50 99.96
573.00 99.96
572.50 99.93
572.00 99.94
571.50 100.01
571.00 100.03
570.50 99.94
570.00 99.94
569.50 99.92
569.00 99.87
568.50 99.87
568.00 99.90
567.50 99.91
567.00 99.86
566.50 99.86
566.00 99.91
565.50 99.93
565.00 99.95
564.50 99.96
564.00 99.94
563.50 99.96
563.00 99.96
562.50 99.89
562.00 99.90
561.50 99.94
561.00 99.87
560.50 99.78
560.00 99.86
559.50 99.91
559.00 99.91
558.50 99.88
558.00 99.87
557.50 99.86
557.00 99.86
556.50 99.89
556.00 99.93
555.50 99.91
555.00 99.90
554.50 99.88
554.00 99.87
553.50 99.83
553.00 99.82
552.50 99.90
552.00 99.86
551.50 99.85
551.00 99.88
550.50 99.89
550.00 99.91
549.50 99.86
549.00 99.82
548.50 99.87
548.00 99.96
547.50 99.98
547.00 99.99
546.50 99.98
546.00 99.91
545.50 99.88
545.00 99.85
544.50 99.87
544.00 99.84
543.50 99.90
543.00 99.95
542.50 99.90
542.00 99.89
541.50 99.81
541.00 99.83
540.50 99.90
540.00 99.91
539.50 99.91
539.00 99.95
538.50 99.97
538.00 99.92
537.50 99.89
537.00 99.90
536.50 99.91
536.00 99.88
535.50 99.87
535.00 99.92
534.50 99.99
534.00 99.96
533.50 99.88
533.00 99.90
532.50 99.96
532.00 100.00
531.50 100.04
531.00 99.97
530.50 99.89
530.00 99.91
529.50 99.92
529.00 99.92
528.50 99.96
528.00 99.97
527.50 99.96
527.00 99.92
526.50 99.93
526.00 99.98
525.50 99.96
525.00 99.94
524.50 99.99
524.00 99.95
523.50 99.92
523.00 99.90
522.50 99.86
522.00 99.87
521.50 99.92
521.00 99.96
520.50 99.97
520.00 99.98
519.50 99.99
519.00 99.96
518.50 99.89
518.00 99.91
517.50 99.97
517.00 99.96
516.50 99.90
516.00 99.92
515.50 99.92
515.00 99.91
514.50 99.93
514.00 99.97
513.50 99.96
513.00 99.93
512.50 99.94
512.00 99.94
511.50 99.92
511.00 99.90
510.50 99.94
510.00 99.98
509.50 100.00
509.00 100.03
508.50 100.00
508.00 99.91
507.50 99.87
507.00 99.94
506.50 99.93
506.00 99.84
505.50 99.88
505.00 99.97
504.50 99.98
504.00 99.94
503.50 99.91
503.00 99.85
502.50 99.87
502.00 99.91
501.50 99.93
501.00 99.87
500.50 99.84
500.00 99.83
499.50 99.81
499.00 99.91
498.50 99.95
498.00 99.93
497.50 99.95
497.00 99.89
496.50 99.87
496.00 99.85
495.50 99.76
495.00 99.77
494.50 99.78
494.00 99.85
493.50 99.97
493.00 99.99
492.50 99.96
492.00 99.93
491.50 99.83
491.00 99.81
490.50 99.89
490.00 99.90
489.50 99.88
489.00 99.91
488.50 99.89
488.00 99.93
487.50 99.92
487.00 99.90
486.50 99.93
486.00 99.92
485.50 99.95
485.00 99.93
484.50 99.90
484.00 99.84
483.50 99.74
483.00 99.80
482.50 99.89
482.00 99.88
481.50 99.91
481.00 99.95
480.50 99.96
480.00 99.94
479.50 99.92
479.00 99.95
478.50 99.96
478.00 99.93
477.50 99.89
477.00 99.93
476.50 99.97
476.00 99.99
475.50 100.03
475.00 100.05
474.50 100.04
474.00 100.00
473.50 99.97
473.00 99.95
472.50 99.98
472.00 100.02
471.50 100.00
471.00 99.98
470.50 99.96
470.00 99.96
469.50 99.93
469.00 99.88
468.50 99.86
468.00 99.92
467.50 100.00
467.00 100.00
466.50 99.99
466.00 99.99
465.50 99.98
465.00 99.98
464.50 100.00
464.00 100.02
463.50 99.98
463.00 99.94
462.50 99.98
462.00 100.01
461.50 100.06
461.00 100.02
460.50 99.94
460.00 99.98
459.50 100.05
459.00 100.07
458.50 100.01
458.00 99.99
457.50 99.99
457.00 99.97
456.50 100.03
456.00 100.02
455.50 99.96
455.00 99.94
454.50 99.89
454.00 99.92
453.50 100.03
453.00 100.04
452.50 99.99
452.00 100.03
451.50 100.06
451.00 99.97
450.50 99.94
450.00 99.96
449.50 99.90
449.00 99.85
448.50 99.82
448.00 99.83
447.50 99.96
447.00 100.08
446.50 100.07
446.00 100.04
445.50 100.04
445.00 100.01
444.50 100.10
444.00 100.16
443.50 100.09
443.00 100.05
442.50 100.00
442.00 99.97
441.50 100.03
441.00 100.09
440.50 100.07
440.00 100.01
439.50 99.92
439.00 99.97
438.50 100.03
438.00 99.98
437.50 99.93
437.00 99.97
436.50 99.91
436.00 99.91
435.50 100.01
435.00 100.03
434.50 100.08
434.00 100.05
433.50 100.05
433.00 100.11
432.50 100.10
432.00 100.02
431.50 100.04
431.00 100.05
430.50 100.05
430.00 100.08
429.50 100.03
429.00 100.02
428.50 100.11
428.00 100.12
427.50 100.04
427.00 100.03
426.50 100.04
426.00 100.01
425.50 100.00
425.00 100.04
424.50 100.06
424.00 100.00
423.50 99.91
423.00 99.86
422.50 99.85
422.00 99.90
421.50 100.04
421.00 100.09
420.50 100.03
420.00 99.91
419.50 99.92
419.00 99.98
418.50 100.07
418.00 100.08
417.50 100.00
417.00 100.04
416.50 99.98
416.00 99.95
415.50 100.03
415.00 100.02
414.50 100.00
414.00 100.00
413.50 99.98
413.00 100.00
412.50 100.00
412.00 100.01
411.50 100.00
411.00 99.99
410.50 100.02
410.00 100.09
409.50 100.08
409.00 99.99
408.50 99.96
408.00 99.88
407.50 99.93
407.00 100.07
406.50 100.06
406.00 99.99
405.50 99.99
405.00 99.97
404.50 99.98
404.00 100.07
403.50 100.15
403.00 100.10
402.50 100.00
402.00 99.96
401.50 99.92
401.00 99.88
400.50 99.88
400.00 99.95
399.50 99.96
399.00 99.96
398.50 99.91
398.00 99.85
397.50 99.91
397.00 99.98
396.50 100.02
396.00 100.00
395.50 100.08
395.00 100.11
394.50 100.02
394.00 99.94
393.50 99.96
393.00 99.95
392.50 99.86
392.00 99.94
391.50 100.02
391.00 100.02
390.50 100.08
390.00 100.10
389.50 100.08
389.00 100.12
388.50 100.10
388.00 100.06
387.50 100.04
387.00 100.08
386.50 100.09
386.00 99.98
385.50 99.95
385.00 100.03
384.50 100.01
384.00 99.95
383.50 99.98
383.00 100.03
382.50 100.04
382.00 100.04
381.50 100.07
381.00 100.06
380.50 100.01
380.00 100.00
379.50 99.95
379.00 99.91
378.50 99.90
378.00 99.92
377.50 100.00
377.00 100.11
376.50 100.13
376.00 100.07
375.50 99.95
375.00 99.80
374.50 99.80
374.00 99.87
373.50 99.94
373.00 99.96
372.50 100.08
372.00 100.13
371.50 100.16
371.00 100.33
370.50 100.27
370.00 100.22
369.50 100.27
369.00 100.20
368.50 100.15
368.00 100.12
367.50 100.12
367.00 100.22
366.50 100.29
366.00 100.30
365.50 100.26
365.00 100.16
364.50 100.16
364.00 100.30
363.50 100.30
363.00 100.22
362.50 100.29
362.00 100.30
361.50 100.27
361.00 100.27
360.50 100.27
360.00 100.19
359.50 100.31
359.00 100.43
358.50 100.36
358.00 100.36
357.50 100.40
357.00 100.43
356.50 100.39
356.00 100.54
355.50 100.69
355.00 100.66
354.50 100.74
354.00 100.87
353.50 100.62
353.00 100.46
352.50 100.59
352.00 100.49
351.50 100.36
351.00 100.37
350.50 100.58
350.00 100.68
349.50 100.53
349.00 100.60
348.50 100.53
348.00 100.28
347.50 100.20
347.00 100.23
346.50 100.42
346.00 100.40
345.50 100.25
345.00 100.29
344.50 100.34
344.00 100.39
343.50 100.49
343.00 100.35
342.50 100.31
342.00 100.26
341.50 100.33
341.00 100.66
340.50 100.52
340.00 100.39
339.50 100.56
339.00 100.57
338.50 100.58
338.00 100.61
337.50 100.45
337.00 100.47
336.50 100.69
336.00 100.64
335.50 100.46
335.00 100.46
334.50 100.63
334.00 100.56
333.50 100.33
333.00 100.32
332.50 100.22
332.00 100.27
331.50 100.50
331.00 100.47
330.50 100.36
330.00 100.38
329.50 100.38
329.00 100.25
328.50 100.30
328.00 100.44
327.50 100.41
327.00 100.52
326.50 100.58
326.00 100.45
325.50 100.58
325.00 100.70
324.50 100.61
324.00 100.50
323.50 100.52
323.00 100.67
322.50 100.64
322.00 100.53
321.50 100.37
321.00 100.36
320.50 100.44
320.00 100.38
319.50 100.26
319.00 100.42
318.50 100.37
318.00 100.26
317.50 100.37
317.00 100.51
316.50 100.58
316.00 100.56
315.50 100.61
315.00 100.70
314.50 100.67
314.00 100.65
313.50 100.62
313.00 100.40
312.50 100.48
312.00 100.62
311.50 100.53
311.00 100.45
310.50 100.45
310.00 100.64
309.50 100.77
309.00 100.64
308.50 100.51
308.00 100.47
307.50 100.53
307.00 100.51
306.50 100.58
306.00 100.65
305.50 100.51
305.00 100.42
304.50 100.44
304.00 100.45
303.50 100.47
303.00 100.43
302.50 100.40
302.00 100.71
301.50 100.77
301.00 100.62
300.50 100.60
300.00 100.54
299.50 100.45
299.00 100.35
298.50 100.42
298.00 100.46
297.50 100.44
297.00 100.36
296.50 100.36
296.00 100.45
295.50 100.62
295.00 100.62
294.50 100.59
294.00 100.65
293.50 100.54
293.00 100.46
292.50 100.43
292.00 100.45
291.50 100.54
291.00 100.52
290.50 100.58
290.00 100.62
289.50 100.49
289.00 100.52
288.50 100.71
288.00 100.65
287.50 100.44
287.00 100.38
286.50 100.39
286.00 100.51
285.50 100.61
285.00 100.60
284.50 100.61
284.00 100.69
283.50 100.65
283.00 100.64
282.50 100.68
282.00 100.53
281.50 100.40
281.00 100.35
280.50 100.34
280.00 100.36
279.50 100.55
279.00 100.77
278.50 100.71
278.00 100.62
277.50 100.52
277.00 100.39
276.50 100.51
276.00 100.51
275.50 100.48
275.00 100.61
274.50 100.59
274.00 100.51
273.50 100.56
273.00 100.56
272.50 100.54
272.00 100.58
271.50 100.41
271.00 100.50
270.50 100.60
270.00 100.45
269.50 100.36
269.00 100.38
268.50 100.48
268.00 100.36
267.50 100.19
267.00 100.25
266.50 100.41
266.00 100.32
265.50 100.30
265.00 100.48
264.50 100.44
264.00 100.43
263.50 100.49
263.00 100.50
262.50 100.41
262.00 100.37
261.50 100.26
261.00 100.22
260.50 100.28
260.00 100.20
259.50 100.25
259.00 100.30
258.50 100.30
258.00 100.21
257.50 100.35
257.00 100.45
256.50 100.35
256.00 100.27
255.50 100.14
255.00 100.08
254.50 100.04
254.00 100.05
253.50 100.02
253.00 100.03
252.50 100.26
252.00 100.30
251.50 100.23
251.00 100.48
250.50 100.54
250.00 100.55
249.50 100.61
249.00 100.44
248.50 100.41
248.00 100.20
247.50 100.13
247.00 100.16
246.50 100.25
246.00 100.38
245.50 100.22
245.00 100.10
244.50 100.15
244.00 100.27
243.50 100.17
243.00 100.14
242.50 100.34
242.00 100.30
241.50 100.16
241.00 100.16
240.50 100.18
240.00 100.08
239.50 100.12
239.00 100.18
238.50 100.18
238.00 100.29
237.50 100.14
237.00 100.09
236.50 100.19
236.00 100.06
235.50 100.01
235.00 100.13
234.50 100.23
234.00 100.38
233.50 100.34
233.00 100.35
232.50 100.40
232.00 100.51
231.50 100.51
231.00 100.42
230.50 100.31
230.00 100.28
229.50 100.41
229.00 100.43
228.50 100.38
228.00 100.29
227.50 99.99
227.00 99.84
226.50 99.99
226.00 99.87
225.50 99.76
225.00 99.83
224.50 100.02
224.00 100.24
223.50 100.24
223.00 99.95
222.50 99.67
222.00 100.02
221.50 100.09
221.00 99.96
220.50 100.06
220.00 99.99
219.50 99.93
219.00 99.82
218.50 100.09
218.00 100.40
217.50 100.42
217.00 100.52
216.50 100.77
216.00 100.44
215.50 99.81
215.00 99.23
214.50 99.16
214.00 99.44
213.50 99.63
213.00 99.89
212.50 99.99
212.00 99.87
211.50 99.54
211.00 99.99
210.50 100.16
210.00 99.89
209.50 99.92
209.00 99.83
208.50 99.59
208.00 99.09
207.50 98.96
207.00 99.57
206.50 100.12
206.00 100.18
205.50 100.22
205.00 99.95
204.50 99.36
204.00 98.74
203.50 98.42
203.00 98.74
202.50 98.35
202.00 98.55
201.50 99.75
201.00 98.28
200.50 98.28
200.00 100.05
