800.00 44.21
799.50 44.24
799.00 44.24
798.50 44.19
798.00 44.14
797.50 44.14
797.00 44.11
796.50 44.05
796.00 44.06
795.50 44.08
795.00 44.05
794.50 43.99
794.00 43.94
793.50 43.92
793.00 43.91
792.50 43.89
792.00 43.84
791.50 43.86
791.00 43.92
790.50 43.90
790.00 43.84
789.50 43.81
789.00 43.79
788.50 43.72
788.00 43.65
787.50 43.63
787.00 43.60
786.50 43.58
786.00 43.60
785.50 43.58
785.00 43.54
784.50 43.53
784.00 43.52
783.50 43.51
783.00 43.46
782.50 43.44
782.00 43.43
781.50 43.42
781.00 43.40
780.50 43.33
780.00 43.30
779.50 43.31
779.00 43.31
778.50 43.26
778.00 43.19
777.50 43.20
777.00 43.20
776.50 43.12
776.00 43.07
775.50 43.05
775.00 43.00
774.50 42.99
774.00 43.01
773.50 42.99
773.00 42.93
772.50 42.90
772.00 42.89
771.50 42.85
771.00 42.81
770.50 42.81
770.00 42.79
769.50 42.74
769.00 42.75
768.50 42.76
768.00 42.75
767.50 42.72
767.00 42.65
766.50 42.61
766.00 42.65
765.50 42.63
765.00 42.59
764.50 42.56
764.00 42.52
763.50 42.50
763.00 42.50
762.50 42.46
762.00 42.38
761.50 42.38
761.00 42.38
760.50 42.35
760.00 42.34
759.50 42.31
759.00 42.30
758.50 42.31
758.00 42.24
757.50 42.18
757.00 42.16
756.50 42.12
756.00 42.12
755.50 42.10
755.00 42.06
754.50 42.05
754.00 42.06
753.50 42.02
753.00 41.96
752.50 41.93
752.00 41.91
751.50 41.90
751.00 41.87
750.50 41.84
750.00 41.82
749.50 41.78
749.00 41.73
748.50 41.74
748.00 41.75
747.50 41.69
747.00 41.66
746.50 41.63
746.00 41.57
745.50 41.54
745.00 41.50
744.50 41.47
744.00 41.47
743.50 41.46
743.00 41.40
742.50 41.33
742.00 41.31
741.50 41.28
741.00 41.25
740.50 41.23
740.00 41.20
739.50 41.16
739.00 41.14
738.50 41.14
738.00 41.11
737.50 41.07
737.00 41.01
736.50 40.96
736.00 40.94
735.50 40.94
735.00 40.93
734.50 40.90
734.00 40.87
733.50 40.81
733.00 40.78
732.50 40.74
732.00 40.71
731.50 40.72
731.00 40.69
730.50 40.66
730.00 40.67
729.50 40.66
729.00 40.60
728.50 40.54
728.00 40.48
727.50 40.45
727.00 40.45
726.50 40.43
726.00 40.38
725.50 40.39
725.00 40.40
724.50 40.36
724.00 40.32
723.50 40.30
723.00 40.27
722.50 40.25
722.00 40.22
721.50 40.18
721.00 40.16
720.50 40.14
720.00 40.12
719.50 40.08
719.00 40.05
718.50 40.02
718.00 39.98
717.50 39.96
717.00 39.96
716.50 39.96
716.00 39.90
715.50 39.85
715.00 39.83
714.50 39.79
714.00 39.77
713.50 39.76
713.00 39.72
712.50 39.68
712.00 39.64
711.50 39.61
711.00 39.61
710.50 39.58
710.00 39.56
709.50 39.55
709.00 39.51
708.50 39.45
708.00 39.43
707.50 39.41
707.00 39.38
706.50 39.36
706.00 39.34
705.50 39.33
705.00 39.30
704.50 39.26
704.00 39.22
703.50 39.19
703.00 39.16
702.50 39.15
702.00 39.12
701.50 39.09
701.00 39.06
700.50 39.00
700.00 38.97
699.50 38.96
699.00 38.93
698.50 38.91
698.00 38.90
697.50 38.85
697.00 38.80
696.50 38.77
696.00 38.72
695.50 38.69
695.00 38.67
694.50 38.60
694.00 38.55
693.50 38.52
693.00 38.51
692.50 38.49
692.00 38.43
691.50 38.40
691.00 38.38
690.50 38.35
690.00 38.34
689.50 38.29
689.00 38.24
688.50 38.21
688.00 38.18
687.50 38.13
687.00 38.10
686.50 38.06
686.00 38.01
685.50 37.97
685.00 37.93
684.50 37.90
684.00 37.88
683.50 37.83
683.00 37.77
682.50 37.73
682.00 37.67
681.50 37.63
681.00 37.61
680.50 37.57
680.00 37.53
679.50 37.49
679.00 37.46
678.50 37.42
678.00 37.37
677.50 37.31
677.00 37.26
676.50 37.21
676.00 37.19
675.50 37.15
675.00 37.12
674.50 37.08
674.00 37.04
673.50 37.04
673.00 36.99
672.50 36.94
672.00 36.91
671.50 36.87
671.00 36.87
670.50 36.84
670.00 36.80
669.50 36.78
669.00 36.74
668.50 36.70
668.00 36.67
667.50 36.62
667.00 36.58
666.50 36.56
666.00 36.53
665.50 36.49
665.00 36.43
664.50 36.37
664.00 36.34
663.50 36.33
663.00 36.27
662.50 36.23
662.00 36.20
661.50 36.15
661.00 36.09
660.50 36.06
660.00 36.03
659.50 35.99
659.00 35.97
658.50 35.94
658.00 35.88
657.50 35.82
657.00 35.78
656.50 35.74
656.00 35.69
655.50 35.66
655.00 35.62
654.50 35.59
654.00 35.55
653.50 35.49
653.00 35.42
652.50 35.35
652.00 35.31
651.50 35.26
651.00 35.23
650.50 35.21
650.00 35.17
649.50 35.12
649.00 35.06
648.50 35.01
648.00 34.96
647.50 34.90
647.00 34.86
646.50 34.84
646.00 34.79
645.50 34.72
645.00 34.67
644.50 34.61
644.00 34.56
643.50 34.54
643.00 34.52
642.50 34.49
642.00 34.43
641.50 34.39
641.00 34.38
640.50 34.33
640.00 34.27
639.50 34.22
639.00 34.18
638.50 34.16
638.00 34.13
637.50 34.08
637.00 34.04
636.50 33.99
636.00 33.94
635.50 33.89
635.00 33.85
634.50 33.80
634.00 33.74
633.50 33.70
633.00 33.66
632.50 33.63
632.00 33.59
631.50 33.54
631.00 33.49
630.50 33.43
630.00 33.39
629.50 33.36
629.00 33.31
628.50 33.26
628.00 33.20
627.50 33.13
627.00 33.09
626.50 33.05
626.00 33.00
625.50 32.95
625.00 32.91
624.50 32.85
624.00 32.78
623.50 32.73
623.00 32.68
622.50 32.64
622.00 32.60
621.50 32.56
621.00 32.51
620.50 32.45
620.00 32.40
619.50 32.34
619.00 32.29
618.50 32.26
618.00 32.20
617.50 32.13
617.00 32.07
616.50 32.00
616.00 31.93
615.50 31.86
615.00 31.80
614.50 31.75
614.00 31.70
613.50 31.67
613.00 31.63
612.50 31.57
612.00 31.54
611.50 31.47
611.00 31.40
610.50 31.36
610.00 31.29
609.50 31.23
609.00 31.20
608.50 31.15
608.00 31.10
607.50 31.05
607.00 31.00
606.50 30.97
606.00 30.91
605.50 30.84
605.00 30.80
604.50 30.74
604.00 30.70
603.50 30.65
603.00 30.58
602.50 30.53
602.00 30.45
601.50 30.38
601.00 30.34
600.50 30.29
600.00 30.23
599.50 30.18
599.00 30.12
598.50 30.07
598.00 30.02
597.50 29.93
597.00 29.85
596.50 29.80
596.00 29.74
595.50 29.68
595.00 29.63
594.50 29.59
594.00 29.54
593.50 29.47
593.00 29.40
592.50 29.35
592.00 29.30
591.50 29.25
591.00 29.19
590.50 29.14
590.00 29.10
589.50 29.04
589.00 28.96
588.50 28.90
588.00 28.85
587.50 28.79
587.00 28.72
586.50 28.67
586.00 28.61
585.50 28.56
585.00 28.52
584.50 28.47
584.00 28.40
583.50 28.32
583.00 28.24
582.50 28.17
582.00 28.13
581.50 28.08
581.00 28.02
580.50 27.96
580.00 27.91
579.50 27.85
579.00 27.79
578.50 27.72
578.00 27.66
577.50 27.62
577.00 27.56
576.50 27.50
576.00 27.44
575.50 27.37
575.00 27.31
574.50 27.26
574.00 27.22
573.50 27.17
573.00 27.11
572.50 27.05
572.00 27.00
571.50 26.96
571.00 26.92
570.50 26.84
570.00 26.77
569.50 26.70
569.00 26.64
568.50 26.59
568.00 26.53
567.50 26.46
567.00 26.39
566.50 26.33
566.00 26.28
565.50 26.23
565.00 26.17
564.50 26.12
564.00 26.06
563.50 25.98
563.00 25.92
562.50 25.87
562.00 25.79
561.50 25.72
561.00 25.67
560.50 25.60
560.00 25.54
559.50 25.51
559.00 25.47
558.50 25.41
558.00 25.36
557.50 25.30
557.00 25.24
556.50 25.18
556.00 25.13
555.50 25.09
555.00 25.04
554.50 24.98
554.00 24.91
553.50 24.86
553.00 24.81
552.50 24.74
552.00 24.67
551.50 24.60
551.00 24.54
550.50 24.44
550.00 24.37
549.50 24.34
549.00 24.27
548.50 24.19
548.00 24.07
547.50 23.97
547.00 23.91
546.50 23.85
546.00 23.76
545.50 23.68
545.00 23.59
544.50 23.55
544.00 23.50
543.50 23.42
543.00 23.35
542.50 23.29
542.00 23.22
541.50 23.14
541.00 23.06
540.50 22.99
540.00 22.96
539.50 22.91
539.00 22.85
538.50 22.77
538.00 22.70
537.50 22.61
537.00 22.52
536.50 22.45
536.00 22.40
535.50 22.34
535.00 22.28
534.50 22.20
534.00 22.10
533.50 22.00
533.00 21.92
532.50 21.85
532.00 21.76
531.50 21.69
531.00 21.63
530.50 21.54
530.00 21.46
529.50 21.39
529.00 21.30
528.50 21.23
528.00 21.16
527.50 21.08
527.00 21.00
526.50 20.93
526.00 20.85
525.50 20.78
525.00 20.70
524.50 20.63
524.00 20.56
523.50 20.48
523.00 20.40
522.50 20.33
522.00 20.26
521.50 20.19
521.00 20.11
520.50 20.04
520.00 19.96
519.50 19.88
519.00 19.80
518.50 19.73
518.00 19.66
517.50 19.58
517.00 19.52
516.50 19.43
516.00 19.34
515.50 19.25
515.00 19.17
514.50 19.11
514.00 19.03
513.50 18.94
513.00 18.86
512.50 18.78
512.00 18.69
511.50 18.61
511.00 18.53
510.50 18.45
510.00 18.38
509.50 18.31
509.00 18.24
508.50 18.17
508.00 18.08
507.50 18.00
507.00 17.92
506.50 17.84
506.00 17.76
505.50 17.67
505.00 17.60
504.50 17.54
504.00 17.46
503.50 17.40
503.00 17.32
502.50 17.23
502.00 17.16
501.50 17.08
501.00 17.00
500.50 16.92
500.00 16.85
499.50 16.77
499.00 16.68
498.50 16.59
498.00 16.49
497.50 16.40
497.00 16.31
496.50 16.22
496.00 16.13
495.50 16.03
495.00 15.93
494.50 15.84
494.00 15.76
493.50 15.67
493.00 15.59
492.50 15.50
492.00 15.41
491.50 15.32
491.00 15.24
490.50 15.16
490.00 15.08
489.50 15.01
489.00 14.94
488.50 14.84
488.00 14.77
487.50 14.72
487.00 14.64
486.50 14.57
486.00 14.52
485.50 14.44
485.00 14.34
484.50 14.26
484.00 14.18
483.50 14.10
483.00 14.03
482.50 13.95
482.00 13.89
481.50 13.83
481.00 13.73
480.50 13.65
480.00 13.57
479.50 13.49
479.00 13.41
478.50 13.33
478.00 13.24
477.50 13.16
477.00 13.09
476.50 13.01
476.00 12.92
475.50 12.85
475.00 12.78
474.50 12.69
474.00 12.60
473.50 12.53
473.00 12.47
472.50 12.39
472.00 12.31
471.50 12.23
471.00 12.16
470.50 12.07
470.00 12.00
469.50 11.93
469.00 11.86
468.50 11.78
468.00 11.71
467.50 11.64
467.00 11.58
466.50 11.51
466.00 11.43
465.50 11.36
465.00 11.29
464.50 11.21
464.00 11.14
463.50 11.07
463.00 11.00
462.50 10.93
462.00 10.86
461.50 10.77
461.00 10.70
460.50 10.64
460.00 10.57
459.50 10.50
459.00 10.44
458.50 10.38
458.00 10.31
457.50 10.24
457.00 10.16
456.50 10.10
456.00 10.04
455.50 9.953
455.00 9.879
454.50 9.814
454.00 9.750
453.50 9.688
453.00 9.621
452.50 9.550
452.00 9.483
451.50 9.415
451.00 9.340
450.50 9.261
450.00 9.192
449.50 9.117
449.00 9.039
448.50 8.972
448.00 8.907
447.50 8.841
447.00 8.769
446.50 8.702
446.00 8.636
445.50 8.557
445.00 8.478
444.50 8.409
444.00 8.350
443.50 8.284
443.00 8.205
442.50 8.124
442.00 8.047
441.50 7.974
441.00 7.899
440.50 7.825
440.00 7.751
439.50 7.683
439.00 7.616
438.50 7.547
438.00 7.475
437.50 7.405
437.00 7.338
436.50 7.266
436.00 7.202
435.50 7.143
435.00 7.083
434.50 7.024
434.00 6.958
433.50 6.886
433.00 6.816
432.50 6.757
432.00 6.700
431.50 6.638
431.00 6.583
430.50 6.531
430.00 6.468
429.50 6.404
429.00 6.342
428.50 6.271
428.00 6.207
427.50 6.157
427.00 6.091
426.50 6.026
426.00 5.963
425.50 5.904
425.00 5.852
424.50 5.791
424.00 5.724
423.50 5.650
423.00 5.582
422.50 5.525
422.00 5.472
421.50 5.415
421.00 5.359
420.50 5.293
420.00 5.240
419.50 5.188
419.00 5.115
418.50 5.052
418.00 5.009
417.50 4.951
417.00 4.898
416.50 4.848
416.00 4.794
415.50 4.750
415.00 4.692
414.50 4.628
414.00 4.567
413.50 4.515
413.00 4.468
412.50 4.407
412.00 4.353
411.50 4.294
411.00 4.237
410.50 4.190
410.00 4.137
409.50 4.088
409.00 4.030
408.50 3.969
408.00 3.918
407.50 3.868
407.00 3.812
406.50 3.758
406.00 3.702
405.50 3.654
405.00 3.606
404.50 3.554
404.00 3.508
403.50 3.458
403.00 3.406
402.50 3.355
402.00 3.304
401.50 3.252
401.00 3.201
400.50 3.162
400.00 3.119
399.50 3.069
399.00 3.026
398.50 2.989
398.00 2.943
397.50 2.895
397.00 2.858
396.50 2.818
396.00 2.776
395.50 2.734
395.00 2.693
394.50 2.660
394.00 2.623
393.50 2.580
393.00 2.536
392.50 2.492
392.00 2.454
391.50 2.412
391.00 2.376
390.50 2.339
390.00 2.303
389.50 2.264
389.00 2.219
388.50 2.185
388.00 2.155
387.50 2.112
387.00 2.068
386.50 2.029
386.00 1.996
385.50 1.956
385.00 1.915
384.50 1.883
384.00 1.855
383.50 1.822
383.00 1.781
382.50 1.744
382.00 1.714
381.50 1.680
381.00 1.651
380.50 1.624
380.00 1.584
379.50 1.550
379.00 1.523
378.50 1.492
378.00 1.463
377.50 1.437
377.00 1.408
376.50 1.381
376.00 1.353
375.50 1.314
375.00 1.289
374.50 1.268
374.00 1.234
373.50 1.205
373.00 1.181
372.50 1.164
372.00 1.137
371.50 1.108
371.00 1.083
370.50 1.060
370.00 1.039
369.50 1.015
369.00 0.9888
368.50 0.9674
368.00 0.9430
367.50 0.9109
367.00 0.8881
366.50 0.8698
366.00 0.8408
365.50 0.8224
365.00 0.8133
364.50 0.7950
364.00 0.7690
363.50 0.7507
363.00 0.7339
362.50 0.7126
362.00 0.6973
361.50 0.6851
361.00 0.6638
360.50 0.6348
360.00 0.6226
359.50 0.6134
359.00 0.5951
358.50 0.5753
358.00 0.5615
357.50 0.5478
357.00 0.5295
356.50 0.5096
356.00 0.4974
355.50 0.4959
355.00 0.4852
354.50 0.4715
354.00 0.4623
353.50 0.4471
353.00 0.4288
352.50 0.4166
352.00 0.3998
351.50 0.3845
351.00 0.3769
350.50 0.3601
350.00 0.3479
349.50 0.3403
349.00 0.3311
348.50 0.3220
348.00 0.3143
347.50 0.2975
347.00 0.2853
346.50 0.2838
346.00 0.2747
345.50 0.2594
345.00 0.2487
344.50 0.2426
344.00 0.2350
343.50 0.2258
343.00 0.2213
342.50 0.2151
342.00 0.2090
341.50 0.2029
341.00 0.1923
340.50 0.1801
340.00 0.1724
339.50 0.1678
339.00 0.1663
338.50 0.1617
338.00 0.1511
337.50 0.1450
337.00 0.1404
336.50 0.1328
336.00 0.1282
335.50 0.1266
335.00 0.1190
334.50 0.1114
334.00 0.1099
333.50 0.1068
333.00 0.0992
332.50 0.0931
332.00 0.0916
331.50 0.0885
331.00 0.0793
330.50 0.0702
330.00 0.0671
329.50 0.0671
329.00 0.0687
328.50 0.0656
328.00 0.0580
327.50 0.0565
327.00 0.0534
326.50 0.0458
326.00 0.0443
325.50 0.0443
325.00 0.0397
324.50 0.0381
324.00 0.0366
323.50 0.0351
323.00 0.0336
322.50 0.0305
322.00 0.0290
321.50 0.0244
321.00 0.0244
320.50 0.0229
320.00 0.0183
319.50 0.0183
319.00 0.0214
318.50 0.0198
318.00 0.0168
317.50 0.0168
317.00 0.0122
316.50 0.0092
316.00 0.0092
315.50 0.0092
315.00 0.0076
314.50 0.0076
314.00 0.0061
313.50 0.0031
313.00 0.0031
312.50 0.0031
312.00 0.0015
311.50 0.0015
311.00 0.0015
310.50 0.0000
310.00 0.0015
309.50 0.0015
309.00 0.0000
308.50 0.0000
308.00 0.0000
307.50 0.0000
307.00 0.0000
306.50 0.0000
306.00 -0.0031
305.50 -0.0046
305.00 -0.0015
304.50 -0.0015
304.00 -0.0031
303.50 -0.0031
303.00 -0.0031
302.50 -0.0031
302.00 -0.0031
301.50 -0.0031
301.00 -0.0046
300.50 -0.0046
300.00 -0.0046
299.50 -0.0046
299.00 -0.0031
298.50 -0.0046
298.00 -0.0046
297.50 -0.0046
297.00 -0.0046
296.50 -0.0046
296.00 -0.0046
295.50 -0.0046
295.00 -0.0061
294.50 -0.0046
294.00 -0.0046
293.50 -0.0061
293.00 -0.0061
292.50 -0.0061
292.00 -0.0061
291.50 -0.0061
291.00 -0.0061
290.50 -0.0061
290.00 -0.0061
289.50 -0.0061
289.00 -0.0061
288.50 -0.0046
288.00 -0.0046
287.50 -0.0076
287.00 -0.0076
286.50 -0.0061
286.00 -0.0061
285.50 -0.0061
285.00 -0.0061
284.50 -0.0061
284.00 -0.0076
283.50 -0.0061
283.00 -0.0046
282.50 -0.0061
282.00 -0.0061
281.50 -0.0076
281.00 -0.0092
280.50 -0.0076
280.00 -0.0061
279.50 -0.0076
279.00 -0.0076
278.50 -0.0061
278.00 -0.0061
277.50 -0.0046
277.00 -0.0046
276.50 -0.0076
276.00 -0.0076
275.50 -0.0061
275.00 -0.0061
274.50 -0.0061
274.00 -0.0076
273.50 -0.0076
273.00 -0.0061
272.50 -0.0061
272.00 -0.0076
271.50 -0.0076
271.00 -0.0061
270.50 -0.0076
270.00 -0.0076
269.50 -0.0046
269.00 -0.0061
268.50 -0.0076
268.00 -0.0046
267.50 -0.0046
267.00 -0.0061
266.50 -0.0076
266.00 -0.0076
265.50 -0.0061
265.00 -0.0046
264.50 -0.0046
264.00 -0.0061
263.50 -0.0061
263.00 -0.0061
262.50 -0.0061
262.00 -0.0046
261.50 -0.0046
261.00 -0.0061
260.50 -0.0061
260.00 -0.0046
259.50 -0.0046
259.00 -0.0076
258.50 -0.0076
258.00 -0.0061
257.50 -0.0046
257.00 -0.0046
256.50 -0.0061
256.00 -0.0046
255.50 -0.0046
255.00 -0.0061
254.50 -0.0061
254.00 -0.0061
253.50 -0.0061
253.00 -0.0061
252.50 -0.0061
252.00 -0.0061
251.50 -0.0061
251.00 -0.0046
250.50 -0.0046
250.00 -0.0061
249.50 -0.0061
249.00 -0.0046
248.50 -0.0046
248.00 -0.0046
247.50 -0.0046
247.00 -0.0046
246.50 -0.0046
246.00 -0.0046
245.50 -0.0061
245.00 -0.0061
244.50 -0.0046
244.00 -0.0046
243.50 -0.0046
243.00 -0.0046
242.50 -0.0046
242.00 -0.0061
241.50 -0.0061
241.00 -0.0061
240.50 -0.0061
240.00 -0.0061
239.50 -0.0046
239.00 -0.0046
238.50 -0.0061
238.00 -0.0061
237.50 -0.0061
237.00 -0.0046
236.50 -0.0046
236.00 -0.0061
235.50 -0.0046
235.00 -0.0031
234.50 -0.0061
234.00 -0.0061
233.50 -0.0046
233.00 -0.0061
232.50 -0.0061
232.00 -0.0061
231.50 -0.0046
231.00 -0.0031
230.50 -0.0046
230.00 -0.0076
229.50 -0.0061
229.00 -0.0031
228.50 -0.0061
228.00 -0.0076
227.50 -0.0046
227.00 -0.0031
226.50 -0.0031
226.00 -0.0046
225.50 -0.0076
225.00 -0.0061
224.50 -0.0061
224.00 -0.0076
223.50 -0.0046
223.00 -0.0046
222.50 -0.0061
222.00 -0.0046
221.50 -0.0031
221.00 -0.0046
220.50 -0.0061
220.00 -0.0061
219.50 -0.0076
219.00 -0.0046
218.50 -0.0046
218.00 -0.0061
217.50 -0.0046
217.00 -0.0031
216.50 -0.0061
216.00 -0.0076
215.50 -0.0061
215.00 -0.0076
214.50 -0.0061
214.00 -0.0046
213.50 -0.0092
213.00 -0.0076
212.50 -0.0031
212.00 -0.0061
211.50 -0.0107
211.00 -0.0107
210.50 -0.0107
210.00 -0.0153
209.50 -0.0122
209.00 0.0015
208.50 -0.0076
208.00 -0.0076
207.50 -0.0076
207.00 -0.0214
206.50 -0.0168
206.00 -0.0153
205.50 -0.0168
205.00 -0.0153
204.50 -0.0061
204.00 -0.0015
203.50 -0.0046
203.00 0.0000
202.50 -0.0153
202.00 -0.0275
201.50 -0.0336
201.00 -0.0397
200.50 -0.0473
200.00 -0.0626
