800.00 91.12
799.50 91.15
799.00 91.16
798.50 91.18
798.00 91.09
797.50 91.02
797.00 90.99
796.50 91.04
796.00 91.12
795.50 91.14
795.00 91.14
794.50 91.08
794.00 91.03
793.50 90.99
793.00 90.91
792.50 90.90
792.00 90.99
791.50 91.01
791.00 91.06
790.50 91.04
790.00 90.96
789.50 91.00
789.00 90.99
788.50 90.91
788.00 90.85
787.50 90.83
787.00 90.88
786.50 90.87
786.00 90.85
785.50 90.84
785.00 90.85
784.50 90.84
784.00 90.82
783.50 90.86
783.00 90.85
782.50 90.83
782.00 90.80
781.50 90.79
781.00 90.81
780.50 90.75
780.00 90.78
779.50 90.81
779.00 90.81
778.50 90.75
778.00 90.66
777.50 90.67
777.00 90.66
776.50 90.61
776.00 90.54
775.50 90.50
775.00 90.59
774.50 90.67
774.00 90.62
773.50 90.56
773.00 90.57
772.50 90.59
772.00 90.55
771.50 90.48
771.00 90.47
770.50 90.50
770.00 90.50
769.50 90.49
769.00 90.54
768.50 90.58
768.00 90.54
767.50 90.50
767.00 90.47
766.50 90.49
766.00 90.49
765.50 90.50
765.00 90.54
764.50 90.52
764.00 90.48
763.50 90.50
763.00 90.49
762.50 90.43
762.00 90.39
761.50 90.33
761.00 90.35
760.50 90.36
760.00 90.34
759.50 90.39
759.00 90.44
758.50 90.45
758.00 90.41
757.50 90.31
757.00 90.28
756.50 90.33
756.00 90.34
755.50 90.33
755.00 90.26
754.50 90.24
754.00 90.30
753.50 90.29
753.00 90.28
752.50 90.27
752.00 90.22
751.50 90.19
751.00 90.23
750.50 90.22
750.00 90.16
749.50 90.16
749.00 90.16
748.50 90.16
748.00 90.16
747.50 90.12
747.00 90.10
746.50 90.12
746.00 90.13
745.50 90.11
745.00 90.08
744.50 90.06
744.00 90.04
743.50 89.99
743.00 89.96
742.50 89.95
742.00 89.89
741.50 89.86
741.00 89.88
740.50 89.88
740.00 89.89
739.50 89.90
739.00 89.93
738.50 89.96
738.00 89.94
737.50 89.86
737.00 89.78
736.50 89.76
736.00 89.79
735.50 89.79
735.00 89.78
734.50 89.77
734.00 89.71
733.50 89.68
733.00 89.66
732.50 89.73
732.00 89.77
731.50 89.72
731.00 89.74
730.50 89.78
730.00 89.76
729.50 89.69
729.00 89.62
728.50 89.58
728.00 89.55
727.50 89.56
727.00 89.54
726.50 89.53
726.00 89.59
725.50 89.62
725.00 89.62
724.50 89.60
724.00 89.60
723.50 89.58
723.00 89.52
722.50 89.49
722.00 89.48
721.50 89.49
721.00 89.46
720.50 89.41
720.00 89.41
719.50 89.43
719.00 89.46
718.50 89.46
718.00 89.44
717.50 89.41
717.00 89.36
716.50 89.36
716.00 89.34
715.50 89.29
715.00 89.31
714.50 89.31
714.00 89.29
713.50 89.25
713.00 89.27
712.50 89.27
712.00 89.23
711.50 89.22
711.00 89.23
710.50 89.21
710.00 89.15
709.50 89.17
709.00 89.17
708.50 89.13
708.00 89.09
707.50 89.05
707.00 89.07
706.50 89.14
706.00 89.13
705.50 89.13
705.00 89.16
704.50 89.16
704.00 89.13
703.50 89.06
703.00 89.05
702.50 89.01
702.00 89.00
701.50 89.02
701.00 88.98
700.50 88.98
700.00 88.97
699.50 88.95
699.00 88.95
698.50 88.96
698.00 88.94
697.50 88.91
697.00 88.88
696.50 88.87
696.00 88.84
695.50 88.82
695.00 88.78
694.50 88.75
694.00 88.75
693.50 88.73
693.00 88.72
692.50 88.72
692.00 88.69
691.50 88.65
691.00 88.67
690.50 88.72
690.00 88.68
689.50 88.63
689.00 88.65
688.50 88.66
688.00 88.63
687.50 88.57
687.00 88.52
686.50 88.52
686.00 88.51
685.50 88.49
685.00 88.44
684.50 88.44
684.00 88.46
683.50 88.42
683.00 88.39
682.50 88.37
682.00 88.32
681.50 88.34
681.00 88.38
680.50 88.31
680.00 88.28
679.50 88.28
679.00 88.26
678.50 88.25
678.00 88.22
677.50 88.18
677.00 88.13
676.50 88.10
676.00 88.07
675.50 88.06
675.00 88.08
674.50 88.05
674.00 88.00
673.50 87.98
673.00 88.00
672.50 88.00
672.00 87.97
671.50 87.97
671.00 87.96
670.50 87.96
670.00 87.96
669.50 87.97
669.00 87.93
668.50 87.86
668.00 87.85
667.50 87.83
667.00 87.78
666.50 87.80
666.00 87.84
665.50 87.84
665.00 87.79
664.50 87.73
664.00 87.73
663.50 87.73
663.00 87.68
662.50 87.65
662.00 87.66
661.50 87.61
661.00 87.56
660.50 87.59
660.00 87.57
659.50 87.55
659.00 87.54
658.50 87.53
658.00 87.52
657.50 87.49
657.00 87.44
656.50 87.39
656.00 87.39
655.50 87.37
655.00 87.33
654.50 87.32
654.00 87.32
653.50 87.28
653.00 87.27
652.50 87.21
652.00 87.15
651.50 87.15
651.00 87.14
650.50 87.14
650.00 87.15
649.50 87.16
649.00 87.14
648.50 87.11
648.00 87.07
647.50 87.03
647.00 87.03
646.50 87.00
646.00 86.96
645.50 86.93
645.00 86.91
644.50 86.88
644.00 86.83
643.50 86.83
643.00 86.81
642.50 86.79
642.00 86.78
641.50 86.77
641.00 86.78
640.50 86.73
640.00 86.72
639.50 86.72
639.00 86.68
638.50 86.62
638.00 86.58
637.50 86.57
637.00 86.59
636.50 86.58
636.00 86.55
635.50 86.55
635.00 86.52
634.50 86.44
634.00 86.38
633.50 86.34
633.00 86.34
632.50 86.33
632.00 86.32
631.50 86.30
631.00 86.28
630.50 86.28
630.00 86.20
629.50 86.19
629.00 86.20
628.50 86.18
628.00 86.15
627.50 86.09
627.00 86.06
626.50 86.00
626.00 85.91
625.50 85.93
625.00 85.94
624.50 85.93
624.00 85.88
623.50 85.83
623.00 85.78
622.50 85.80
622.00 85.81
621.50 85.73
621.00 85.72
620.50 85.75
620.00 85.76
619.50 85.70
619.00 85.67
618.50 85.68
618.00 85.65
617.50 85.60
617.00 85.59
616.50 85.57
616.00 85.47
615.50 85.43
615.00 85.44
614.50 85.37
614.00 85.32
613.50 85.34
613.00 85.32
612.50 85.31
612.00 85.30
611.50 85.24
611.00 85.21
610.50 85.15
610.00 85.07
609.50 85.04
609.00 85.02
608.50 85.01
608.00 85.01
607.50 85.03
607.00 85.00
606.50 84.98
606.00 84.95
605.50 84.91
605.00 84.88
604.50 84.83
604.00 84.81
603.50 84.80
603.00 84.76
602.50 84.70
602.00 84.64
601.50 84.61
601.00 84.58
600.50 84.54
600.00 84.50
599.50 84.50
599.00 84.50
598.50 84.48
598.00 84.41
597.50 84.34
597.00 84.35
596.50 84.32
596.00 84.26
595.50 84.21
595.00 84.20
594.50 84.18
594.00 84.12
593.50 84.08
593.00 84.08
592.50 84.04
592.00 83.95
591.50 83.95
591.00 83.96
590.50 83.94
590.00 83.94
589.50 83.91
589.00 83.84
588.50 83.79
588.00 83.75
587.50 83.71
587.00 83.67
586.50 83.63
586.00 83.57
585.50 83.56
585.00 83.58
584.50 83.52
584.00 83.48
583.50 83.45
583.00 83.38
582.50 83.33
582.00 83.29
581.50 83.31
581.00 83.29
580.50 83.23
580.00 83.24
579.50 83.22
579.00 83.15
578.50 83.11
578.00 83.09
577.50 83.02
577.00 82.96
576.50 82.89
576.00 82.84
575.50 82.82
575.00 82.80
574.50 82.81
574.00 82.77
573.50 82.70
573.00 82.66
572.50 82.65
572.00 82.65
571.50 82.60
571.00 82.58
570.50 82.57
570.00 82.50
569.50 82.43
569.00 82.40
568.50 82.39
568.00 82.34
567.50 82.26
567.00 82.23
566.50 82.21
566.00 82.18
565.50 82.12
565.00 82.12
564.50 82.11
564.00 82.06
563.50 81.98
563.00 81.91
562.50 81.86
562.00 81.85
561.50 81.81
561.00 81.74
560.50 81.69
560.00 81.68
559.50 81.68
559.00 81.60
558.50 81.56
558.00 81.50
557.50 81.50
557.00 81.52
556.50 81.42
556.00 81.37
555.50 81.39
555.00 81.36
554.50 81.28
554.00 81.24
553.50 81.21
553.00 81.16
552.50 81.12
552.00 81.12
551.50 81.08
551.00 81.02
550.50 81.00
550.00 80.94
549.50 80.91
549.00 80.84
548.50 80.77
548.00 80.73
547.50 80.64
547.00 80.60
546.50 80.56
546.00 80.48
545.50 80.40
545.00 80.35
544.50 80.28
544.00 80.24
543.50 80.23
543.00 80.20
542.50 80.13
542.00 80.07
541.50 80.07
541.00 80.03
540.50 79.99
540.00 79.94
539.50 79.90
539.00 79.88
538.50 79.80
538.00 79.74
537.50 79.69
537.00 79.65
536.50 79.57
536.00 79.47
535.50 79.47
535.00 79.46
534.50 79.39
534.00 79.29
533.50 79.20
533.00 79.13
532.50 79.10
532.00 79.07
531.50 78.99
531.00 78.93
530.50 78.88
530.00 78.79
529.50 78.71
529.00 78.66
528.50 78.61
528.00 78.59
527.50 78.52
527.00 78.47
526.50 78.42
526.00 78.37
525.50 78.32
525.00 78.26
524.50 78.20
524.00 78.17
523.50 78.12
523.00 78.02
522.50 77.93
522.00 77.90
521.50 77.87
521.00 77.76
520.50 77.70
520.00 77.66
519.50 77.61
519.00 77.51
518.50 77.45
518.00 77.45
517.50 77.41
517.00 77.32
516.50 77.25
516.00 77.18
515.50 77.06
515.00 76.98
514.50 76.95
514.00 76.90
513.50 76.82
513.00 76.74
512.50 76.70
512.00 76.64
511.50 76.55
511.00 76.48
510.50 76.41
510.00 76.37
509.50 76.34
509.00 76.28
508.50 76.23
508.00 76.18
507.50 76.08
507.00 76.01
506.50 75.90
506.00 75.81
505.50 75.77
505.00 75.72
504.50 75.67
504.00 75.61
503.50 75.52
503.00 75.48
502.50 75.39
502.00 75.31
501.50 75.24
501.00 75.19
500.50 75.13
500.00 75.08
499.50 75.04
499.00 74.91
498.50 74.81
498.00 74.77
497.50 74.73
497.00 74.63
496.50 74.53
496.00 74.44
495.50 74.35
495.00 74.24
494.50 74.17
494.00 74.10
493.50 74.07
493.00 74.04
492.50 73.96
492.00 73.85
491.50 73.70
491.00 73.62
490.50 73.58
490.00 73.52
489.50 73.48
489.00 73.41
488.50 73.31
488.00 73.28
487.50 73.20
487.00 73.08
486.50 73.02
486.00 72.99
485.50 72.90
485.00 72.79
484.50 72.66
484.00 72.56
483.50 72.47
483.00 72.40
482.50 72.32
482.00 72.25
481.50 72.23
481.00 72.16
480.50 72.09
480.00 71.98
479.50 71.89
479.00 71.85
478.50 71.73
478.00 71.62
477.50 71.54
477.00 71.44
476.50 71.38
476.00 71.30
475.50 71.20
475.00 71.17
474.50 71.12
474.00 70.96
473.50 70.83
473.00 70.73
472.50 70.67
472.00 70.60
471.50 70.52
471.00 70.48
470.50 70.41
470.00 70.33
469.50 70.20
469.00 70.09
468.50 70.02
468.00 69.91
467.50 69.80
467.00 69.71
466.50 69.64
466.00 69.56
465.50 69.50
465.00 69.39
464.50 69.24
464.00 69.15
463.50 69.10
463.00 69.05
462.50 68.96
462.00 68.84
461.50 68.73
461.00 68.67
460.50 68.56
460.00 68.45
459.50 68.37
459.00 68.30
458.50 68.20
458.00 68.04
457.50 67.88
457.00 67.84
456.50 67.83
456.00 67.68
455.50 67.51
455.00 67.37
454.50 67.25
454.00 67.16
453.50 67.10
453.00 67.06
452.50 66.94
452.00 66.82
451.50 66.71
451.00 66.59
450.50 66.47
450.00 66.34
449.50 66.21
449.00 66.06
448.50 65.92
448.00 65.86
447.50 65.82
447.00 65.74
446.50 65.64
446.00 65.53
445.50 65.42
445.00 65.24
444.50 65.11
444.00 64.99
443.50 64.92
443.00 64.82
442.50 64.66
442.00 64.56
441.50 64.41
441.00 64.25
440.50 64.11
440.00 64.02
439.50 63.91
439.00 63.76
438.50 63.62
438.00 63.47
437.50 63.35
437.00 63.24
436.50 63.16
436.00 63.04
435.50 62.89
435.00 62.76
434.50 62.66
434.00 62.50
433.50 62.39
433.00 62.32
432.50 62.19
432.00 62.07
431.50 61.98
431.00 61.89
430.50 61.76
430.00 61.60
429.50 61.45
429.00 61.34
428.50 61.26
428.00 61.14
427.50 60.98
427.00 60.84
426.50 60.67
426.00 60.55
425.50 60.44
425.00 60.34
424.50 60.22
424.00 60.06
423.50 59.95
423.00 59.81
422.50 59.63
422.00 59.47
421.50 59.37
421.00 59.23
420.50 59.10
420.00 59.02
419.50 58.90
419.00 58.72
418.50 58.51
418.00 58.38
417.50 58.31
417.00 58.20
416.50 58.04
416.00 57.90
415.50 57.86
415.00 57.82
414.50 57.67
414.00 57.43
413.50 57.22
413.00 57.04
412.50 56.90
412.00 56.76
411.50 56.54
411.00 56.36
410.50 56.32
410.00 56.25
409.50 56.06
409.00 55.84
408.50 55.71
408.00 55.55
407.50 55.37
407.00 55.23
406.50 55.09
406.00 54.90
405.50 54.70
405.00 54.53
404.50 54.39
404.00 54.29
403.50 54.17
403.00 53.98
402.50 53.75
402.00 53.52
401.50 53.34
401.00 53.17
400.50 53.03
400.00 52.94
399.50 52.75
399.00 52.56
398.50 52.42
398.00 52.28
397.50 52.13
397.00 51.96
396.50 51.82
396.00 51.71
395.50 51.61
395.00 51.47
394.50 51.29
394.00 51.13
393.50 50.98
393.00 50.75
392.50 50.53
392.00 50.35
391.50 50.16
391.00 50.01
390.50 49.92
390.00 49.77
389.50 49.58
389.00 49.35
388.50 49.13
388.00 49.02
387.50 48.87
387.00 48.65
386.50 48.45
386.00 48.25
385.50 48.08
385.00 47.91
384.50 47.69
384.00 47.50
383.50 47.31
383.00 47.18
382.50 47.03
382.00 46.81
381.50 46.62
381.00 46.42
380.50 46.17
380.00 45.98
379.50 45.76
379.00 45.56
378.50 45.44
378.00 45.22
377.50 45.03
377.00 44.86
376.50 44.67
376.00 44.51
375.50 44.28
375.00 43.99
374.50 43.75
374.00 43.63
373.50 43.47
373.00 43.28
372.50 43.14
372.00 42.98
371.50 42.80
371.00 42.50
370.50 42.27
370.00 42.10
369.50 41.82
369.00 41.63
368.50 41.47
368.00 41.22
367.50 40.98
367.00 40.77
366.50 40.57
366.00 40.41
365.50 40.19
365.00 39.94
364.50 39.80
364.00 39.65
363.50 39.43
363.00 39.16
362.50 38.90
362.00 38.70
361.50 38.48
361.00 38.27
360.50 38.08
360.00 37.95
359.50 37.78
359.00 37.50
358.50 37.19
358.00 37.03
357.50 36.95
357.00 36.75
356.50 36.46
356.00 36.20
355.50 36.04
355.00 35.84
354.50 35.73
354.00 35.61
353.50 35.31
353.00 34.97
352.50 34.65
352.00 34.39
351.50 34.24
351.00 34.10
350.50 33.87
350.00 33.65
349.50 33.43
349.00 33.20
348.50 32.93
348.00 32.69
347.50 32.44
347.00 32.26
346.50 32.12
346.00 31.91
345.50 31.67
345.00 31.38
344.50 31.12
344.00 30.88
343.50 30.67
343.00 30.48
342.50 30.25
342.00 30.09
341.50 29.97
341.00 29.70
340.50 29.42
340.00 29.14
339.50 28.86
339.00 28.73
338.50 28.50
338.00 28.20
337.50 28.02
337.00 27.82
336.50 27.55
336.00 27.34
335.50 27.17
335.00 26.86
334.50 26.55
334.00 26.31
333.50 26.09
333.00 25.81
332.50 25.58
332.00 25.40
331.50 25.07
331.00 24.78
330.50 24.57
330.00 24.37
329.50 24.13
329.00 23.84
328.50 23.54
328.00 23.34
327.50 23.23
327.00 23.02
326.50 22.73
326.00 22.50
325.50 22.28
325.00 22.03
324.50 21.79
324.00 21.56
323.50 21.36
323.00 21.11
322.50 20.83
322.00 20.62
321.50 20.42
321.00 20.20
320.50 20.02
320.00 19.82
319.50 19.56
319.00 19.39
318.50 19.22
318.00 18.93
317.50 18.68
317.00 18.50
316.50 18.26
316.00 18.03
315.50 17.84
315.00 17.63
314.50 17.38
314.00 17.17
313.50 16.93
313.00 16.67
312.50 16.47
312.00 16.24
311.50 15.97
311.00 15.74
310.50 15.53
310.00 15.31
309.50 15.08
309.00 14.81
308.50 14.55
308.00 14.27
307.50 13.99
307.00 13.75
306.50 13.52
306.00 13.29
305.50 13.00
305.00 12.73
304.50 12.49
304.00 12.21
303.50 11.96
303.00 11.74
302.50 11.46
302.00 11.20
301.50 11.00
301.00 10.77
300.50 10.55
300.00 10.36
299.50 10.15
299.00 9.970
298.50 9.807
298.00 9.630
297.50 9.451
297.00 9.271
296.50 9.093
296.00 8.929
295.50 8.737
295.00 8.524
294.50 8.359
294.00 8.188
293.50 8.011
293.00 7.854
292.50 7.712
292.00 7.579
291.50 7.417
291.00 7.281
290.50 7.156
290.00 7.010
289.50 6.879
289.00 6.734
288.50 6.598
288.00 6.477
287.50 6.326
287.00 6.189
286.50 6.079
286.00 5.969
285.50 5.867
285.00 5.750
284.50 5.612
284.00 5.470
283.50 5.350
283.00 5.243
282.50 5.128
282.00 5.008
281.50 4.884
281.00 4.750
280.50 4.645
280.00 4.543
279.50 4.405
279.00 4.291
278.50 4.181
278.00 4.056
277.50 3.944
277.00 3.850
276.50 3.748
276.00 3.651
275.50 3.575
275.00 3.484
274.50 3.386
274.00 3.297
273.50 3.236
273.00 3.162
272.50 3.069
272.00 2.992
271.50 2.919
271.00 2.852
270.50 2.789
270.00 2.724
269.50 2.644
269.00 2.582
268.50 2.513
268.00 2.449
267.50 2.386
267.00 2.318
266.50 2.258
266.00 2.191
265.50 2.126
265.00 2.072
264.50 2.014
264.00 1.953
263.50 1.895
263.00 1.837
262.50 1.785
262.00 1.735
261.50 1.672
261.00 1.616
260.50 1.563
260.00 1.509
259.50 1.451
259.00 1.395
258.50 1.350
258.00 1.302
257.50 1.262
257.00 1.213
256.50 1.160
256.00 1.117
255.50 1.076
255.00 1.036
254.50 0.9933
254.00 0.9537
253.50 0.9125
253.00 0.8621
252.50 0.8301
252.00 0.8057
251.50 0.7675
251.00 0.7370
250.50 0.7111
250.00 0.6821
249.50 0.6546
249.00 0.6271
248.50 0.6027
248.00 0.5737
247.50 0.5432
247.00 0.5280
246.50 0.5066
246.00 0.4730
245.50 0.4440
245.00 0.4242
244.50 0.4074
244.00 0.3891
243.50 0.3708
243.00 0.3510
242.50 0.3311
242.00 0.3098
241.50 0.2899
241.00 0.2762
240.50 0.2579
240.00 0.2426
239.50 0.2274
239.00 0.2121
238.50 0.2014
238.00 0.1816
237.50 0.1633
237.00 0.1556
236.50 0.1465
236.00 0.1343
235.50 0.1221
235.00 0.1114
234.50 0.1022
234.00 0.0992
233.50 0.0916
233.00 0.0839
232.50 0.0763
232.00 0.0656
231.50 0.0641
231.00 0.0610
230.50 0.0565
230.00 0.0504
229.50 0.0427
229.00 0.0397
228.50 0.0366
228.00 0.0336
227.50 0.0305
227.00 0.0259
226.50 0.0214
226.00 0.0183
225.50 0.0153
225.00 0.0168
224.50 0.0183
224.00 0.0168
223.50 0.0168
223.00 0.0122
222.50 0.0107
222.00 0.0107
221.50 0.0076
221.00 0.0046
220.50 0.0046
220.00 0.0061
219.50 0.0031
219.00 0.0000
218.50 0.0015
218.00 0.0031
217.50 0.0015
217.00 0.0015
216.50 0.0015
216.00 0.0000
215.50 0.0015
215.00 -0.0015
214.50 -0.0031
214.00 -0.0031
213.50 -0.0031
213.00 -0.0046
212.50 -0.0061
212.00 -0.0031
211.50 -0.0015
211.00 -0.0061
210.50 -0.0092
210.00 -0.0061
209.50 -0.0046
209.00 -0.0015
208.50 -0.0015
208.00 -0.0046
207.50 -0.0092
207.00 -0.0214
206.50 -0.0290
206.00 -0.0229
205.50 -0.0381
205.00 -0.0381
204.50 -0.0427
204.00 -0.0366
203.50 0.0122
203.00 0.0000
202.50 -0.0458
202.00 -0.0366
201.50 -0.0366
201.00 -0.0885
200.50 -0.0504
200.00 0.0137
