800.00 77.45
799.50 77.44
799.00 77.45
798.50 77.43
798.00 77.39
797.50 77.37
797.00 77.31
796.50 77.35
796.00 77.41
795.50 77.42
795.00 77.40
794.50 77.31
794.00 77.26
793.50 77.20
793.00 77.21
792.50 77.24
792.00 77.23
791.50 77.25
791.00 77.27
790.50 77.26
790.00 77.22
789.50 77.17
789.00 77.15
788.50 77.10
788.00 77.05
787.50 77.05
787.00 76.99
786.50 76.93
786.00 76.90
785.50 76.93
785.00 76.97
784.50 76.97
784.00 76.97
783.50 76.97
783.00 76.94
782.50 76.90
782.00 76.86
781.50 76.80
781.00 76.81
780.50 76.79
780.00 76.79
779.50 76.81
779.00 76.77
778.50 76.72
778.00 76.66
777.50 76.61
777.00 76.55
776.50 76.57
776.00 76.57
775.50 76.53
775.00 76.55
774.50 76.52
774.00 76.48
773.50 76.56
773.00 76.57
772.50 76.48
772.00 76.48
771.50 76.44
771.00 76.38
770.50 76.39
770.00 76.43
769.50 76.41
769.00 76.38
768.50 76.43
768.00 76.41
767.50 76.36
767.00 76.31
766.50 76.26
766.00 76.30
765.50 76.34
765.00 76.27
764.50 76.23
764.00 76.23
763.50 76.15
763.00 76.14
762.50 76.10
762.00 76.08
761.50 76.12
761.00 76.11
760.50 76.10
760.00 76.06
759.50 76.07
759.00 76.10
758.50 76.05
758.00 75.99
757.50 75.97
757.00 75.93
756.50 75.94
756.00 75.97
755.50 75.96
755.00 75.89
754.50 75.90
754.00 75.95
753.50 75.83
753.00 75.80
752.50 75.80
752.00 75.74
751.50 75.74
751.00 75.70
750.50 75.72
750.00 75.71
749.50 75.65
749.00 75.60
748.50 75.58
748.00 75.59
747.50 75.58
747.00 75.58
746.50 75.56
746.00 75.51
745.50 75.48
745.00 75.52
744.50 75.48
744.00 75.43
743.50 75.40
743.00 75.33
742.50 75.29
742.00 75.31
741.50 75.31
741.00 75.26
740.50 75.23
740.00 75.25
739.50 75.27
739.00 75.24
738.50 75.19
738.00 75.18
737.50 75.14
737.00 75.10
736.50 75.06
736.00 75.01
735.50 75.00
735.00 74.99
734.50 74.99
734.00 74.96
733.50 74.89
733.00 74.84
732.50 74.85
732.00 74.85
731.50 74.83
731.00 74.86
730.50 74.89
730.00 74.88
729.50 74.86
729.00 74.79
728.50 74.70
728.00 74.64
727.50 74.64
727.00 74.63
726.50 74.62
726.00 74.66
725.50 74.67
725.00 74.63
724.50 74.64
724.00 74.63
723.50 74.59
723.00 74.57
722.50 74.52
722.00 74.49
721.50 74.51
721.00 74.44
720.50 74.39
720.00 74.42
719.50 74.43
719.00 74.40
718.50 74.36
718.00 74.34
717.50 74.28
717.00 74.24
716.50 74.21
716.00 74.19
715.50 74.17
715.00 74.18
714.50 74.19
714.00 74.16
713.50 74.11
713.00 74.08
712.50 74.07
712.00 74.05
711.50 74.02
711.00 73.98
710.50 73.99
710.00 73.96
709.50 73.94
709.00 73.95
708.50 73.91
708.00 73.80
707.50 73.77
707.00 73.79
706.50 73.78
706.00 73.79
705.50 73.82
705.00 73.81
704.50 73.80
704.00 73.77
703.50 73.70
703.00 73.63
702.50 73.59
702.00 73.58
701.50 73.53
701.00 73.50
700.50 73.49
700.00 73.44
699.50 73.45
699.00 73.45
698.50 73.41
698.00 73.38
697.50 73.31
697.00 73.27
696.50 73.27
696.00 73.25
695.50 73.19
695.00 73.14
694.50 73.14
694.00 73.12
693.50 73.08
693.00 73.03
692.50 72.96
692.00 72.92
691.50 72.88
691.00 72.89
690.50 72.91
690.00 72.88
689.50 72.89
689.00 72.86
688.50 72.83
688.00 72.81
687.50 72.74
687.00 72.67
686.50 72.65
686.00 72.65
685.50 72.60
685.00 72.58
684.50 72.57
684.00 72.51
683.50 72.49
683.00 72.45
682.50 72.40
682.00 72.39
681.50 72.38
681.00 72.34
680.50 72.31
680.00 72.28
679.50 72.22
679.00 72.22
678.50 72.22
678.00 72.17
677.50 72.10
677.00 72.03
676.50 72.02
676.00 71.98
675.50 71.91
675.00 71.89
674.50 71.89
674.00 71.85
673.50 71.80
673.00 71.81
672.50 71.80
672.00 71.77
671.50 71.76
671.00 71.70
670.50 71.67
670.00 71.68
669.50 71.65
669.00 71.64
668.50 71.59
668.00 71.53
667.50 71.50
667.00 71.46
666.50 71.45
666.00 71.44
665.50 71.40
665.00 71.33
664.50 71.30
664.00 71.28
663.50 71.24
663.00 71.20
662.50 71.18
662.00 71.16
661.50 71.07
661.00 71.00
660.50 70.96
660.00 70.96
659.50 70.95
659.00 70.92
658.50 70.86
658.00 70.81
657.50 70.79
657.00 70.77
656.50 70.72
656.00 70.69
655.50 70.65
655.00 70.59
654.50 70.56
654.00 70.54
653.50 70.52
653.00 70.46
652.50 70.38
652.00 70.34
651.50 70.34
651.00 70.31
650.50 70.29
650.00 70.27
649.50 70.22
649.00 70.18
648.50 70.16
648.00 70.11
647.50 70.07
647.00 70.05
646.50 69.98
646.00 69.95
645.50 69.92
645.00 69.86
644.50 69.82
644.00 69.79
643.50 69.74
643.00 69.69
642.50 69.64
642.00 69.61
641.50 69.60
641.00 69.59
640.50 69.56
640.00 69.52
639.50 69.47
639.00 69.43
638.50 69.37
638.00 69.34
637.50 69.30
637.00 69.23
636.50 69.23
636.00 69.22
635.50 69.19
635.00 69.14
634.50 69.03
634.00 68.98
633.50 68.96
633.00 68.89
632.50 68.85
632.00 68.85
631.50 68.78
631.00 68.75
630.50 68.73
630.00 68.67
629.50 68.61
629.00 68.55
628.50 68.53
628.00 68.53
627.50 68.51
627.00 68.42
626.50 68.34
626.00 68.30
625.50 68.23
625.00 68.19
624.50 68.17
624.00 68.13
623.50 68.09
623.00 68.05
622.50 68.03
622.00 68.01
621.50 67.94
621.00 67.87
620.50 67.85
620.00 67.83
619.50 67.82
619.00 67.78
618.50 67.72
618.00 67.70
617.50 67.63
617.00 67.57
616.50 67.54
616.00 67.46
615.50 67.39
615.00 67.33
614.50 67.29
614.00 67.26
613.50 67.24
613.00 67.22
612.50 67.18
612.00 67.12
611.50 67.08
611.00 67.04
610.50 66.94
610.00 66.88
609.50 66.84
609.00 66.78
608.50 66.73
608.00 66.70
607.50 66.64
607.00 66.59
606.50 66.58
606.00 66.53
605.50 66.46
605.00 66.40
604.50 66.35
604.00 66.31
603.50 66.27
603.00 66.22
602.50 66.15
602.00 66.10
601.50 66.04
601.00 66.01
600.50 66.01
600.00 65.95
599.50 65.91
599.00 65.87
598.50 65.80
598.00 65.72
597.50 65.66
597.00 65.61
596.50 65.56
596.00 65.49
595.50 65.42
595.00 65.38
594.50 65.35
594.00 65.30
593.50 65.27
593.00 65.19
592.50 65.10
592.00 65.07
591.50 65.00
591.00 64.95
590.50 64.91
590.00 64.87
589.50 64.84
589.00 64.77
588.50 64.71
588.00 64.65
587.50 64.60
587.00 64.56
586.50 64.50
586.00 64.42
585.50 64.36
585.00 64.34
584.50 64.29
584.00 64.22
583.50 64.13
583.00 64.03
582.50 63.98
582.00 63.98
581.50 63.94
581.00 63.85
580.50 63.81
580.00 63.74
579.50 63.68
579.00 63.64
578.50 63.58
578.00 63.50
577.50 63.42
577.00 63.35
576.50 63.27
576.00 63.22
575.50 63.17
575.00 63.11
574.50 63.05
574.00 62.97
573.50 62.89
573.00 62.85
572.50 62.80
572.00 62.73
571.50 62.64
571.00 62.58
570.50 62.54
570.00 62.49
569.50 62.46
569.00 62.41
568.50 62.32
568.00 62.23
567.50 62.16
567.00 62.09
566.50 62.01
566.00 61.97
565.50 61.92
565.00 61.85
564.50 61.78
564.00 61.72
563.50 61.66
563.00 61.56
562.50 61.47
562.00 61.41
561.50 61.35
561.00 61.28
560.50 61.18
560.00 61.09
559.50 61.03
559.00 60.99
558.50 60.91
558.00 60.82
557.50 60.76
557.00 60.67
556.50 60.56
556.00 60.48
555.50 60.40
555.00 60.33
554.50 60.23
554.00 60.13
553.50 60.05
553.00 59.99
552.50 59.94
552.00 59.87
551.50 59.77
551.00 59.67
550.50 59.64
550.00 59.59
549.50 59.49
549.00 59.41
548.50 59.35
548.00 59.29
547.50 59.22
547.00 59.18
546.50 59.09
546.00 59.00
545.50 58.96
545.00 58.87
544.50 58.75
544.00 58.67
543.50 58.62
543.00 58.56
542.50 58.45
542.00 58.36
541.50 58.29
541.00 58.19
540.50 58.10
540.00 58.01
539.50 57.96
539.00 57.93
538.50 57.87
538.00 57.80
537.50 57.74
537.00 57.67
536.50 57.56
536.00 57.48
535.50 57.47
535.00 57.46
534.50 57.38
534.00 57.27
533.50 57.16
533.00 57.07
532.50 57.04
532.00 56.99
531.50 56.95
531.00 56.89
530.50 56.78
530.00 56.69
529.50 56.60
529.00 56.53
528.50 56.49
528.00 56.45
527.50 56.36
527.00 56.31
526.50 56.25
526.00 56.17
525.50 56.11
525.00 56.05
524.50 55.96
524.00 55.86
523.50 55.76
523.00 55.65
522.50 55.58
522.00 55.50
521.50 55.45
521.00 55.36
520.50 55.26
520.00 55.18
519.50 55.09
519.00 55.01
518.50 54.88
518.00 54.78
517.50 54.71
517.00 54.60
516.50 54.50
516.00 54.39
515.50 54.26
515.00 54.19
514.50 54.13
514.00 54.05
513.50 53.94
513.00 53.83
512.50 53.74
512.00 53.64
511.50 53.55
511.00 53.48
510.50 53.38
510.00 53.27
509.50 53.17
509.00 53.09
508.50 52.97
508.00 52.87
507.50 52.78
507.00 52.68
506.50 52.54
506.00 52.41
505.50 52.33
505.00 52.25
504.50 52.13
504.00 52.02
503.50 51.90
503.00 51.79
502.50 51.72
502.00 51.62
501.50 51.49
501.00 51.39
500.50 51.29
500.00 51.19
499.50 51.05
499.00 50.92
498.50 50.83
498.00 50.73
497.50 50.65
497.00 50.57
496.50 50.47
496.00 50.37
495.50 50.27
495.00 50.15
494.50 50.04
494.00 49.97
493.50 49.91
493.00 49.82
492.50 49.71
492.00 49.58
491.50 49.45
491.00 49.34
490.50 49.24
490.00 49.18
489.50 49.10
489.00 48.96
488.50 48.85
488.00 48.76
487.50 48.63
487.00 48.54
486.50 48.49
486.00 48.40
485.50 48.29
485.00 48.18
484.50 48.10
484.00 47.98
483.50 47.85
483.00 47.74
482.50 47.67
482.00 47.58
481.50 47.44
481.00 47.32
480.50 47.22
480.00 47.13
479.50 47.06
479.00 46.95
478.50 46.84
478.00 46.73
477.50 46.60
477.00 46.51
476.50 46.42
476.00 46.34
475.50 46.24
475.00 46.13
474.50 46.01
474.00 45.89
473.50 45.79
473.00 45.69
472.50 45.56
472.00 45.43
471.50 45.33
471.00 45.23
470.50 45.10
470.00 44.99
469.50 44.86
469.00 44.73
468.50 44.61
468.00 44.51
467.50 44.40
467.00 44.29
466.50 44.17
466.00 44.06
465.50 43.92
465.00 43.80
464.50 43.66
464.00 43.51
463.50 43.38
463.00 43.25
462.50 43.12
462.00 42.99
461.50 42.90
461.00 42.73
460.50 42.57
460.00 42.46
459.50 42.33
459.00 42.22
458.50 42.08
458.00 41.93
457.50 41.83
457.00 41.70
456.50 41.56
456.00 41.44
455.50 41.26
455.00 41.12
454.50 41.02
454.00 40.87
453.50 40.76
453.00 40.67
452.50 40.53
452.00 40.38
451.50 40.23
451.00 40.07
450.50 39.96
450.00 39.86
449.50 39.72
449.00 39.55
448.50 39.38
448.00 39.23
447.50 39.12
447.00 39.01
446.50 38.88
446.00 38.71
445.50 38.54
445.00 38.38
444.50 38.28
444.00 38.17
443.50 38.04
443.00 37.90
442.50 37.72
442.00 37.58
441.50 37.44
441.00 37.28
440.50 37.15
440.00 37.02
439.50 36.87
439.00 36.72
438.50 36.57
438.00 36.43
437.50 36.27
437.00 36.09
436.50 35.98
436.00 35.89
435.50 35.75
435.00 35.59
434.50 35.45
434.00 35.33
433.50 35.19
433.00 35.06
432.50 34.92
432.00 34.78
431.50 34.65
431.00 34.52
430.50 34.39
430.00 34.27
429.50 34.11
429.00 33.95
428.50 33.80
428.00 33.67
427.50 33.51
427.00 33.36
426.50 33.20
426.00 33.04
425.50 32.91
425.00 32.78
424.50 32.63
424.00 32.47
423.50 32.27
423.00 32.07
422.50 31.94
422.00 31.79
421.50 31.65
421.00 31.51
420.50 31.34
420.00 31.18
419.50 31.03
419.00 30.84
418.50 30.70
418.00 30.57
417.50 30.39
417.00 30.23
416.50 30.08
416.00 29.94
415.50 29.80
415.00 29.67
414.50 29.54
414.00 29.38
413.50 29.23
413.00 29.11
412.50 28.92
412.00 28.71
411.50 28.57
411.00 28.42
410.50 28.28
410.00 28.17
409.50 28.05
409.00 27.88
408.50 27.72
408.00 27.59
407.50 27.45
407.00 27.30
406.50 27.17
406.00 27.00
405.50 26.83
405.00 26.67
404.50 26.51
404.00 26.35
403.50 26.20
403.00 26.04
402.50 25.91
402.00 25.74
401.50 25.55
401.00 25.38
400.50 25.20
400.00 25.08
399.50 24.94
399.00 24.79
398.50 24.66
398.00 24.52
397.50 24.35
397.00 24.22
396.50 24.06
396.00 23.90
395.50 23.75
395.00 23.60
394.50 23.48
394.00 23.33
393.50 23.15
393.00 22.95
392.50 22.74
392.00 22.61
391.50 22.49
391.00 22.36
390.50 22.23
390.00 22.07
389.50 21.93
389.00 21.77
388.50 21.60
388.00 21.43
387.50 21.27
387.00 21.12
386.50 20.94
386.00 20.77
385.50 20.61
385.00 20.42
384.50 20.24
384.00 20.08
383.50 19.91
383.00 19.78
382.50 19.65
382.00 19.49
381.50 19.33
381.00 19.18
380.50 19.02
380.00 18.84
379.50 18.68
379.00 18.52
378.50 18.32
378.00 18.15
377.50 18.03
377.00 17.90
376.50 17.77
376.00 17.59
375.50 17.37
375.00 17.20
374.50 17.08
374.00 16.93
373.50 16.79
373.00 16.64
372.50 16.48
372.00 16.36
371.50 16.23
371.00 16.06
370.50 15.89
370.00 15.71
369.50 15.55
369.00 15.41
368.50 15.25
368.00 15.10
367.50 14.96
367.00 14.79
366.50 14.64
366.00 14.52
365.50 14.37
365.00 14.19
364.50 14.06
364.00 13.91
363.50 13.76
363.00 13.62
362.50 13.50
362.00 13.38
361.50 13.25
361.00 13.08
360.50 12.87
360.00 12.78
359.50 12.63
359.00 12.46
358.50 12.37
358.00 12.22
357.50 12.10
357.00 11.98
356.50 11.80
356.00 11.66
355.50 11.53
355.00 11.37
354.50 11.25
354.00 11.11
353.50 11.03
353.00 10.88
352.50 10.66
352.00 10.49
351.50 10.35
351.00 10.26
350.50 10.14
350.00 10.01
349.50 9.865
349.00 9.743
348.50 9.575
348.00 9.392
347.50 9.277
347.00 9.155
346.50 9.030
346.00 8.919
345.50 8.798
345.00 8.687
344.50 8.562
344.00 8.420
343.50 8.311
343.00 8.218
342.50 8.083
342.00 7.953
341.50 7.851
341.00 7.724
340.50 7.588
340.00 7.455
339.50 7.352
339.00 7.256
338.50 7.159
338.00 7.018
337.50 6.859
337.00 6.758
336.50 6.659
336.00 6.526
335.50 6.418
335.00 6.331
334.50 6.238
334.00 6.133
333.50 6.020
333.00 5.887
332.50 5.742
332.00 5.637
331.50 5.539
331.00 5.431
330.50 5.318
330.00 5.211
329.50 5.115
329.00 5.002
328.50 4.893
328.00 4.805
327.50 4.712
327.00 4.613
326.50 4.555
326.00 4.471
325.50 4.355
325.00 4.262
324.50 4.166
324.00 4.080
323.50 3.983
323.00 3.897
322.50 3.816
322.00 3.743
321.50 3.667
321.00 3.587
320.50 3.508
320.00 3.430
319.50 3.372
319.00 3.302
318.50 3.214
318.00 3.122
317.50 3.049
317.00 2.994
316.50 2.921
316.00 2.847
315.50 2.783
315.00 2.710
314.50 2.643
314.00 2.579
313.50 2.504
313.00 2.437
312.50 2.379
312.00 2.315
311.50 2.260
311.00 2.188
310.50 2.116
310.00 2.057
309.50 1.987
309.00 1.920
308.50 1.860
308.00 1.784
307.50 1.723
307.00 1.668
306.50 1.598
306.00 1.541
305.50 1.482
305.00 1.428
304.50 1.367
304.00 1.311
303.50 1.265
303.00 1.205
302.50 1.154
302.00 1.115
301.50 1.074
301.00 1.024
300.50 0.9827
300.00 0.9430
299.50 0.9140
299.00 0.8820
298.50 0.8453
298.00 0.8118
297.50 0.7797
297.00 0.7553
296.50 0.7278
296.00 0.6943
295.50 0.6668
295.00 0.6470
294.50 0.6256
294.00 0.5997
293.50 0.5692
293.00 0.5417
292.50 0.5249
292.00 0.5081
291.50 0.4868
291.00 0.4623
290.50 0.4410
290.00 0.4257
289.50 0.4089
289.00 0.3967
288.50 0.3830
288.00 0.3647
287.50 0.3510
287.00 0.3372
286.50 0.3220
286.00 0.3082
285.50 0.3021
285.00 0.2930
284.50 0.2777
284.00 0.2579
283.50 0.2457
283.00 0.2396
282.50 0.2304
282.00 0.2197
281.50 0.2060
281.00 0.1923
280.50 0.1846
280.00 0.1740
279.50 0.1602
279.00 0.1541
278.50 0.1450
278.00 0.1343
277.50 0.1297
277.00 0.1236
276.50 0.1175
276.00 0.1144
275.50 0.1083
275.00 0.0992
274.50 0.0961
274.00 0.0931
273.50 0.0900
273.00 0.0839
272.50 0.0778
272.00 0.0717
271.50 0.0671
271.00 0.0656
270.50 0.0595
270.00 0.0565
269.50 0.0565
269.00 0.0519
268.50 0.0488
268.00 0.0458
267.50 0.0443
267.00 0.0412
266.50 0.0366
266.00 0.0336
265.50 0.0320
265.00 0.0305
264.50 0.0290
264.00 0.0275
263.50 0.0229
263.00 0.0214
262.50 0.0214
262.00 0.0198
261.50 0.0153
261.00 0.0137
260.50 0.0137
260.00 0.0137
259.50 0.0137
259.00 0.0137
258.50 0.0122
258.00 0.0107
257.50 0.0092
257.00 0.0061
256.50 0.0061
256.00 0.0061
255.50 0.0046
255.00 0.0031
254.50 0.0015
254.00 0.0000
253.50 0.0015
253.00 0.0015
252.50 0.0000
252.00 0.0000
251.50 0.0000
251.00 0.0000
250.50 0.0000
250.00 0.0000
249.50 0.0000
249.00 0.0000
248.50 0.0000
248.00 0.0000
247.50 0.0000
247.00 0.0000
246.50 0.0000
246.00 0.0000
245.50 0.0000
245.00 -0.0015
244.50 -0.0015
244.00 -0.0015
243.50 -0.0031
243.00 -0.0031
242.50 -0.0031
242.00 -0.0046
241.50 -0.0046
241.00 -0.0031
240.50 -0.0061
240.00 -0.0046
239.50 -0.0031
239.00 -0.0046
238.50 -0.0046
238.00 -0.0046
237.50 -0.0061
237.00 -0.0046
236.50 -0.0046
236.00 -0.0061
235.50 -0.0046
235.00 -0.0061
234.50 -0.0076
234.00 -0.0061
233.50 -0.0061
233.00 -0.0076
232.50 -0.0061
232.00 -0.0046
231.50 -0.0061
231.00 -0.0061
230.50 -0.0061
230.00 -0.0092
229.50 -0.0107
229.00 -0.0076
228.50 -0.0061
228.00 -0.0076
227.50 -0.0061
227.00 -0.0076
226.50 -0.0076
226.00 -0.0076
225.50 -0.0076
225.00 -0.0061
224.50 -0.0061
224.00 -0.0076
223.50 -0.0076
223.00 -0.0107
222.50 -0.0107
222.00 -0.0076
221.50 -0.0046
221.00 -0.0046
220.50 -0.0046
220.00 -0.0061
219.50 -0.0092
219.00 -0.0107
218.50 -0.0122
218.00 -0.0092
217.50 -0.0092
217.00 -0.0137
216.50 -0.0137
216.00 -0.0153
215.50 -0.0153
215.00 -0.0183
214.50 -0.0137
214.00 -0.0076
213.50 -0.0092
213.00 -0.0122
212.50 -0.0183
212.00 -0.0168
211.50 -0.0122
211.00 -0.0153
210.50 -0.0229
210.00 -0.0229
209.50 -0.0183
209.00 -0.0366
208.50 -0.0412
208.00 -0.0290
207.50 -0.0290
207.00 -0.0366
206.50 -0.0229
206.00 -0.0412
205.50 -0.0702
205.00 -0.0519
204.50 -0.0565
204.00 -0.0793
203.50 -0.0488
203.00 -0.0778
202.50 -0.1144
202.00 -0.1099
201.50 -0.1282
201.00 -0.0778
200.50 -0.0641
200.00 -0.0885
